#	A	C	D	E	F	G	H	I	K	L	M	N	P	Q	R	S	T	V	W	Y
p13	0.08208955223880597	0.016791044776119403	0.03917910447761194	0.07835820895522388	0.03917910447761194	0.08022388059701492	0.016791044776119403	0.029850746268656716	0.05783582089552239	0.0914179104477612	0.020522388059701493	0.033582089552238806	0.05970149253731343	0.04291044776119403	0.05970149253731343	0.06902985074626866	0.06716417910447761	0.055970149253731345	0.016791044776119403	0.04291044776119403
p754	0.06437768240343347	0.03862660944206009	0.0536480686695279	0.0536480686695279	0.027896995708154508	0.08798283261802575	0.027896995708154508	0.055793991416309016	0.060085836909871244	0.0815450643776824	0.030042918454935622	0.032188841201716736	0.04721030042918455	0.017167381974248927	0.045064377682403435	0.0815450643776824	0.08583690987124463	0.04721030042918455	0.019313304721030045	0.04291845493562232
p160	0.030303030303030304	0.020202020202020204	0.04040404040404041	0.04040404040404041	0.020202020202020204	0.13131313131313133	0.010101010101010102	0.13131313131313133	0.06060606060606061	0.12121212121212122	0.020202020202020204	0.04040404040404041	0.06060606060606061	0.06060606060606061	0.04040404040404041	0.0	0.08080808080808081	0.06060606060606061	0.020202020202020204	0.010101010101010102
p225	0.050505050505050504	0.0	0.04040404040404041	0.06060606060606061	0.030303030303030304	0.1111111111111111	0.0	0.1111111111111111	0.06060606060606061	0.09090909090909091	0.020202020202020204	0.08080808080808081	0.050505050505050504	0.020202020202020204	0.030303030303030304	0.04040404040404041	0.0707070707070707	0.09090909090909091	0.010101010101010102	0.030303030303030304
p978	0.050505050505050504	0.0	0.04040404040404041	0.04040404040404041	0.020202020202020204	0.13131313131313133	0.010101010101010102	0.15151515151515152	0.0707070707070707	0.10101010101010101	0.020202020202020204	0.030303030303030304	0.06060606060606061	0.050505050505050504	0.04040404040404041	0.010101010101010102	0.08080808080808081	0.06060606060606061	0.020202020202020204	0.010101010101010102
p176	0.05175438596491228	0.01929824561403509	0.04824561403508772	0.07982456140350877	0.04035087719298246	0.07192982456140351	0.02456140350877193	0.06315789473684211	0.04736842105263158	0.10964912280701754	0.02368421052631579	0.04736842105263158	0.035964912280701755	0.0412280701754386	0.042105263157894736	0.07456140350877193	0.06140350877192982	0.07982456140350877	0.007017543859649123	0.03070175438596491
p177	0.07317073170731707	0.04878048780487805	0.04065040650406504	0.016260162601626018	0.024390243902439025	0.10569105691056911	0.012195121951219513	0.06504065040650407	0.06504065040650407	0.06910569105691057	0.012195121951219513	0.06504065040650407	0.036585365853658534	0.04065040650406504	0.008130081300813009	0.13821138211382114	0.044715447154471545	0.07723577235772358	0.016260162601626018	0.04065040650406504
p256	0.06326034063260341	0.012165450121654502	0.0681265206812652	0.0705596107055961	0.0340632603406326	0.058394160583941604	0.012165450121654502	0.0827250608272506	0.05596107055961071	0.08759124087591241	0.038929440389294405	0.029197080291970802	0.029197080291970802	0.04866180048661801	0.07785888077858881	0.046228710462287104	0.07542579075425791	0.0705596107055961	0.0072992700729927005	0.031630170316301706
p258	0.05896805896805897	0.009828009828009828	0.06633906633906633	0.07862407862407862	0.03931203931203931	0.06633906633906633	0.014742014742014743	0.085995085995086	0.05405405405405406	0.08845208845208845	0.036855036855036855	0.04176904176904177	0.029484029484029485	0.04914004914004914	0.06633906633906633	0.03931203931203931	0.06633906633906633	0.0687960687960688	0.009828009828009828	0.029484029484029485
p260	0.05898876404494382	0.013576779026217229	0.06320224719101124	0.08099250936329588	0.03417602996254682	0.047752808988764044	0.026685393258426966	0.060861423220973786	0.06413857677902622	0.11610486891385768	0.02855805243445693	0.037921348314606744	0.039794007490636704	0.047752808988764044	0.05758426966292135	0.05664794007490637	0.05383895131086142	0.06788389513108614	0.009363295880149813	0.03417602996254682
p262	0.05698005698005698	0.017094017094017096	0.07407407407407407	0.09116809116809117	0.03418803418803419	0.05982905982905983	0.011396011396011397	0.06837606837606838	0.07407407407407407	0.10256410256410256	0.022792022792022793	0.02564102564102564	0.03418803418803419	0.05982905982905983	0.045584045584045586	0.05128205128205128	0.06552706552706553	0.06837606837606838	0.005698005698005698	0.03133903133903134
p263	0.05698005698005698	0.017094017094017096	0.07407407407407407	0.09401709401709402	0.03418803418803419	0.05698005698005698	0.011396011396011397	0.06837606837606838	0.07407407407407407	0.10256410256410256	0.022792022792022793	0.02564102564102564	0.03418803418803419	0.05982905982905983	0.045584045584045586	0.05128205128205128	0.06552706552706553	0.06837606837606838	0.005698005698005698	0.03133903133903134
p265	0.05698005698005698	0.017094017094017096	0.07407407407407407	0.09401709401709402	0.03418803418803419	0.05698005698005698	0.011396011396011397	0.06837606837606838	0.07407407407407407	0.10256410256410256	0.022792022792022793	0.02564102564102564	0.03418803418803419	0.05982905982905983	0.045584045584045586	0.05128205128205128	0.06552706552706553	0.06837606837606838	0.005698005698005698	0.03133903133903134
p266	0.06101190476190476	0.01488095238095238	0.06994047619047619	0.0818452380952381	0.047619047619047616	0.06547619047619048	0.01636904761904762	0.07291666666666667	0.08333333333333333	0.09523809523809523	0.020833333333333332	0.03273809523809524	0.043154761904761904	0.04017857142857143	0.046130952380952384	0.05357142857142857	0.05803571428571429	0.052083333333333336	0.010416666666666666	0.03422619047619048
p271	0.06084656084656084	0.013227513227513227	0.05555555555555555	0.09788359788359788	0.03439153439153439	0.05555555555555555	0.018518518518518517	0.0582010582010582	0.08465608465608465	0.09788359788359788	0.013227513227513227	0.04497354497354497	0.0291005291005291	0.06349206349206349	0.06084656084656084	0.05291005291005291	0.0582010582010582	0.06084656084656084	0.005291005291005291	0.03439153439153439
p272	0.06084656084656084	0.013227513227513227	0.05555555555555555	0.10052910052910052	0.03439153439153439	0.05291005291005291	0.018518518518518517	0.0582010582010582	0.08465608465608465	0.09788359788359788	0.013227513227513227	0.04497354497354497	0.0291005291005291	0.06349206349206349	0.06084656084656084	0.05291005291005291	0.0582010582010582	0.06084656084656084	0.005291005291005291	0.03439153439153439
p278	0.06084656084656084	0.013227513227513227	0.05555555555555555	0.10052910052910052	0.03439153439153439	0.05291005291005291	0.018518518518518517	0.0582010582010582	0.08465608465608465	0.09788359788359788	0.013227513227513227	0.04497354497354497	0.0291005291005291	0.06349206349206349	0.06084656084656084	0.05291005291005291	0.0582010582010582	0.06084656084656084	0.005291005291005291	0.03439153439153439
p267	0.06933333333333333	0.010666666666666666	0.05333333333333334	0.072	0.037333333333333336	0.07733333333333334	0.02666666666666667	0.08	0.048	0.06666666666666667	0.042666666666666665	0.024	0.050666666666666665	0.037333333333333336	0.048	0.08266666666666667	0.056	0.06933333333333333	0.010666666666666666	0.037333333333333336
p280	0.06933333333333333	0.010666666666666666	0.05333333333333334	0.072	0.037333333333333336	0.07733333333333334	0.02666666666666667	0.08	0.050666666666666665	0.06666666666666667	0.042666666666666665	0.024	0.050666666666666665	0.037333333333333336	0.04533333333333334	0.08266666666666667	0.056	0.06933333333333333	0.010666666666666666	0.037333333333333336
p286	0.06933333333333333	0.010666666666666666	0.05333333333333334	0.072	0.037333333333333336	0.07733333333333334	0.02666666666666667	0.08	0.050666666666666665	0.06666666666666667	0.042666666666666665	0.024	0.050666666666666665	0.037333333333333336	0.04533333333333334	0.08266666666666667	0.056	0.06933333333333333	0.010666666666666666	0.037333333333333336
p291	0.040774719673802244	0.022426095820591234	0.08154943934760449	0.07339449541284404	0.04383282364933741	0.05708460754332314	0.021406727828746176	0.047910295616717634	0.07135575942915393	0.09072375127421	0.023445463812436288	0.06931702344546381	0.05198776758409786	0.03669724770642202	0.04281345565749235	0.06829765545361875	0.05606523955147808	0.04383282364933741	0.014271151885830785	0.04281345565749235
p1233	0.08496732026143791	0.010893246187363835	0.05010893246187364	0.09803921568627451	0.030501089324618737	0.0915032679738562	0.026143790849673203	0.017429193899782137	0.013071895424836602	0.1394335511982571	0.010893246187363835	0.0196078431372549	0.11328976034858387	0.04793028322440087	0.06100217864923747	0.06753812636165578	0.034858387799564274	0.05664488017429194	0.013071895424836602	0.013071895424836602
p287	0.07692307692307693	0.0	0.06153846153846154	0.06153846153846154	0.02564102564102564	0.07179487179487179	0.03076923076923077	0.041025641025641026	0.02564102564102564	0.1076923076923077	0.020512820512820513	0.041025641025641026	0.06666666666666667	0.041025641025641026	0.08717948717948718	0.05641025641025641	0.05641025641025641	0.08205128205128205	0.015384615384615385	0.03076923076923077
p162	0.030303030303030304	0.020202020202020204	0.04040404040404041	0.04040404040404041	0.020202020202020204	0.13131313131313133	0.010101010101010102	0.13131313131313133	0.06060606060606061	0.12121212121212122	0.020202020202020204	0.030303030303030304	0.06060606060606061	0.06060606060606061	0.04040404040404041	0.010101010101010102	0.08080808080808081	0.06060606060606061	0.020202020202020204	0.010101010101010102
p1072	0.04332129963898917	0.02888086642599278	0.07220216606498195	0.07220216606498195	0.05415162454873646	0.05776173285198556	0.02888086642599278	0.06859205776173286	0.07942238267148015	0.07220216606498195	0.036101083032490974	0.05415162454873646	0.02527075812274368	0.01444043321299639	0.05054151624548736	0.09386281588447654	0.05776173285198556	0.04693140794223827	0.007220216606498195	0.036101083032490974
p104	0.0594059405940594	0.0297029702970297	0.0594059405940594	0.07673267326732673	0.04207920792079208	0.0594059405940594	0.019801980198019802	0.06683168316831684	0.06683168316831684	0.07920792079207921	0.03712871287128713	0.039603960396039604	0.04455445544554455	0.04207920792079208	0.04950495049504951	0.08168316831683169	0.06435643564356436	0.05693069306930693	0.007425742574257425	0.017326732673267328
p106	0.058355437665782495	0.026525198938992044	0.058355437665782495	0.09549071618037135	0.04774535809018567	0.042440318302387266	0.026525198938992044	0.04774535809018567	0.07427055702917772	0.09283819628647215	0.03183023872679045	0.050397877984084884	0.04509283819628647	0.03713527851458886	0.05570291777188329	0.06896551724137931	0.05305039787798409	0.05305039787798409	0.010610079575596816	0.023872679045092837
p118	0.0594059405940594	0.036303630363036306	0.0891089108910891	0.0627062706270627	0.056105610561056105	0.0594059405940594	0.0231023102310231	0.056105610561056105	0.08250825082508251	0.066006600660066	0.0231023102310231	0.0462046204620462	0.039603960396039604	0.036303630363036306	0.04950495049504951	0.06930693069306931	0.04950495049504951	0.0594059405940594	0.006600660066006601	0.0297029702970297
p120	0.06484641638225255	0.034129692832764506	0.06825938566552901	0.06825938566552901	0.06143344709897611	0.06484641638225255	0.040955631399317405	0.04436860068259386	0.06825938566552901	0.08873720136518772	0.023890784982935155	0.03754266211604096	0.034129692832764506	0.023890784982935155	0.05802047781569966	0.06143344709897611	0.05460750853242321	0.06143344709897611	0.006825938566552901	0.034129692832764506
p124	0.031315240083507306	0.027139874739039668	0.07306889352818371	0.09394572025052192	0.04175365344467641	0.04592901878914405	0.014613778705636743	0.0709812108559499	0.0709812108559499	0.11482254697286012	0.031315240083507306	0.04175365344467641	0.04175365344467641	0.054279749478079335	0.054279749478079335	0.07724425887265135	0.04384133611691023	0.031315240083507306	0.0020876826722338203	0.037578288100208766
p129	0.06637168141592921	0.03982300884955752	0.05530973451327434	0.06858407079646017	0.03982300884955752	0.06637168141592921	0.0420353982300885	0.022123893805309734	0.059734513274336286	0.13495575221238937	0.028761061946902654	0.02654867256637168	0.05088495575221239	0.05530973451327434	0.05088495575221239	0.05752212389380531	0.048672566371681415	0.05752212389380531	0.004424778761061947	0.024336283185840708
p223	0.030303030303030304	0.020202020202020204	0.04040404040404041	0.04040404040404041	0.020202020202020204	0.13131313131313133	0.010101010101010102	0.12121212121212122	0.06060606060606061	0.12121212121212122	0.020202020202020204	0.030303030303030304	0.06060606060606061	0.06060606060606061	0.04040404040404041	0.010101010101010102	0.08080808080808081	0.0707070707070707	0.020202020202020204	0.010101010101010102
p167	0.030303030303030304	0.020202020202020204	0.04040404040404041	0.04040404040404041	0.020202020202020204	0.13131313131313133	0.010101010101010102	0.13131313131313133	0.06060606060606061	0.1111111111111111	0.020202020202020204	0.030303030303030304	0.06060606060606061	0.06060606060606061	0.04040404040404041	0.010101010101010102	0.08080808080808081	0.0707070707070707	0.020202020202020204	0.010101010101010102
p168	0.030303030303030304	0.020202020202020204	0.04040404040404041	0.04040404040404041	0.020202020202020204	0.13131313131313133	0.010101010101010102	0.12121212121212122	0.06060606060606061	0.1111111111111111	0.020202020202020204	0.030303030303030304	0.06060606060606061	0.06060606060606061	0.04040404040404041	0.010101010101010102	0.08080808080808081	0.08080808080808081	0.020202020202020204	0.010101010101010102
p169	0.030303030303030304	0.020202020202020204	0.04040404040404041	0.04040404040404041	0.020202020202020204	0.13131313131313133	0.010101010101010102	0.13131313131313133	0.06060606060606061	0.12121212121212122	0.020202020202020204	0.030303030303030304	0.06060606060606061	0.06060606060606061	0.04040404040404041	0.010101010101010102	0.08080808080808081	0.06060606060606061	0.020202020202020204	0.010101010101010102
p170	0.030303030303030304	0.020202020202020204	0.04040404040404041	0.04040404040404041	0.020202020202020204	0.13131313131313133	0.010101010101010102	0.1111111111111111	0.06060606060606061	0.13131313131313133	0.020202020202020204	0.030303030303030304	0.06060606060606061	0.06060606060606061	0.04040404040404041	0.010101010101010102	0.08080808080808081	0.0707070707070707	0.020202020202020204	0.010101010101010102
p171	0.030303030303030304	0.020202020202020204	0.04040404040404041	0.04040404040404041	0.020202020202020204	0.13131313131313133	0.010101010101010102	0.1111111111111111	0.06060606060606061	0.13131313131313133	0.020202020202020204	0.030303030303030304	0.06060606060606061	0.06060606060606061	0.04040404040404041	0.010101010101010102	0.08080808080808081	0.0707070707070707	0.020202020202020204	0.010101010101010102
p172	0.030303030303030304	0.020202020202020204	0.04040404040404041	0.04040404040404041	0.020202020202020204	0.13131313131313133	0.010101010101010102	0.12121212121212122	0.06060606060606061	0.1111111111111111	0.030303030303030304	0.030303030303030304	0.06060606060606061	0.06060606060606061	0.04040404040404041	0.010101010101010102	0.08080808080808081	0.0707070707070707	0.020202020202020204	0.010101010101010102
p173	0.030303030303030304	0.020202020202020204	0.04040404040404041	0.04040404040404041	0.020202020202020204	0.13131313131313133	0.010101010101010102	0.13131313131313133	0.06060606060606061	0.12121212121212122	0.020202020202020204	0.030303030303030304	0.06060606060606061	0.06060606060606061	0.04040404040404041	0.010101010101010102	0.08080808080808081	0.06060606060606061	0.020202020202020204	0.010101010101010102
p174	0.030303030303030304	0.020202020202020204	0.04040404040404041	0.04040404040404041	0.020202020202020204	0.13131313131313133	0.010101010101010102	0.1111111111111111	0.06060606060606061	0.12121212121212122	0.020202020202020204	0.030303030303030304	0.06060606060606061	0.06060606060606061	0.04040404040404041	0.010101010101010102	0.08080808080808081	0.08080808080808081	0.020202020202020204	0.010101010101010102
p180	0.050505050505050504	0.0	0.030303030303030304	0.04040404040404041	0.020202020202020204	0.13131313131313133	0.010101010101010102	0.15151515151515152	0.0707070707070707	0.10101010101010101	0.020202020202020204	0.04040404040404041	0.06060606060606061	0.050505050505050504	0.04040404040404041	0.010101010101010102	0.08080808080808081	0.06060606060606061	0.020202020202020204	0.010101010101010102
p181	0.030303030303030304	0.020202020202020204	0.04040404040404041	0.04040404040404041	0.020202020202020204	0.13131313131313133	0.010101010101010102	0.1414141414141414	0.06060606060606061	0.12121212121212122	0.010101010101010102	0.030303030303030304	0.06060606060606061	0.06060606060606061	0.04040404040404041	0.010101010101010102	0.08080808080808081	0.06060606060606061	0.020202020202020204	0.010101010101010102
p182	0.020202020202020204	0.020202020202020204	0.04040404040404041	0.04040404040404041	0.020202020202020204	0.13131313131313133	0.010101010101010102	0.13131313131313133	0.06060606060606061	0.12121212121212122	0.020202020202020204	0.030303030303030304	0.06060606060606061	0.06060606060606061	0.04040404040404041	0.010101010101010102	0.08080808080808081	0.0707070707070707	0.020202020202020204	0.010101010101010102
p183	0.030303030303030304	0.020202020202020204	0.030303030303030304	0.04040404040404041	0.020202020202020204	0.13131313131313133	0.010101010101010102	0.1414141414141414	0.06060606060606061	0.12121212121212122	0.010101010101010102	0.04040404040404041	0.06060606060606061	0.06060606060606061	0.04040404040404041	0.010101010101010102	0.08080808080808081	0.06060606060606061	0.020202020202020204	0.010101010101010102
p184	0.020202020202020204	0.020202020202020204	0.030303030303030304	0.04040404040404041	0.020202020202020204	0.13131313131313133	0.010101010101010102	0.13131313131313133	0.06060606060606061	0.12121212121212122	0.020202020202020204	0.04040404040404041	0.06060606060606061	0.06060606060606061	0.04040404040404041	0.010101010101010102	0.08080808080808081	0.0707070707070707	0.020202020202020204	0.010101010101010102
p185	0.020202020202020204	0.020202020202020204	0.04040404040404041	0.04040404040404041	0.020202020202020204	0.13131313131313133	0.010101010101010102	0.1414141414141414	0.06060606060606061	0.12121212121212122	0.010101010101010102	0.030303030303030304	0.06060606060606061	0.06060606060606061	0.04040404040404041	0.010101010101010102	0.08080808080808081	0.0707070707070707	0.020202020202020204	0.010101010101010102
p186	0.020202020202020204	0.020202020202020204	0.030303030303030304	0.04040404040404041	0.020202020202020204	0.13131313131313133	0.010101010101010102	0.1414141414141414	0.06060606060606061	0.12121212121212122	0.010101010101010102	0.04040404040404041	0.06060606060606061	0.06060606060606061	0.04040404040404041	0.010101010101010102	0.08080808080808081	0.0707070707070707	0.020202020202020204	0.010101010101010102
p202	0.020202020202020204	0.020202020202020204	0.04040404040404041	0.04040404040404041	0.020202020202020204	0.13131313131313133	0.010101010101010102	0.12121212121212122	0.06060606060606061	0.12121212121212122	0.020202020202020204	0.030303030303030304	0.06060606060606061	0.06060606060606061	0.04040404040404041	0.010101010101010102	0.09090909090909091	0.0707070707070707	0.020202020202020204	0.010101010101010102
p206	0.030303030303030304	0.020202020202020204	0.04040404040404041	0.04040404040404041	0.020202020202020204	0.13131313131313133	0.010101010101010102	0.12121212121212122	0.0707070707070707	0.12121212121212122	0.020202020202020204	0.030303030303030304	0.06060606060606061	0.050505050505050504	0.04040404040404041	0.010101010101010102	0.08080808080808081	0.0707070707070707	0.020202020202020204	0.010101010101010102
p208	0.030303030303030304	0.020202020202020204	0.04040404040404041	0.04040404040404041	0.020202020202020204	0.13131313131313133	0.010101010101010102	0.1111111111111111	0.0707070707070707	0.12121212121212122	0.020202020202020204	0.030303030303030304	0.06060606060606061	0.050505050505050504	0.04040404040404041	0.010101010101010102	0.08080808080808081	0.08080808080808081	0.020202020202020204	0.010101010101010102
p284	0.046762589928057555	0.0035971223021582736	0.04316546762589928	0.08453237410071943	0.023381294964028777	0.06115107913669065	0.014388489208633094	0.0737410071942446	0.1079136690647482	0.08633093525179857	0.01079136690647482	0.03597122302158273	0.0683453237410072	0.06474820143884892	0.02697841726618705	0.0341726618705036	0.07014388489208633	0.07014388489208633	0.0341726618705036	0.039568345323741004
p301	0.046762589928057555	0.00539568345323741	0.04316546762589928	0.08453237410071943	0.023381294964028777	0.06115107913669065	0.014388489208633094	0.0737410071942446	0.1079136690647482	0.08633093525179857	0.01079136690647482	0.03597122302158273	0.0683453237410072	0.06474820143884892	0.02697841726618705	0.0341726618705036	0.07014388489208633	0.07014388489208633	0.0341726618705036	0.03776978417266187
p311	0.046762589928057555	0.0035971223021582736	0.04316546762589928	0.08453237410071943	0.023381294964028777	0.06115107913669065	0.014388489208633094	0.0737410071942446	0.1079136690647482	0.08812949640287769	0.01079136690647482	0.03597122302158273	0.0683453237410072	0.06474820143884892	0.02697841726618705	0.0341726618705036	0.07014388489208633	0.07014388489208633	0.0341726618705036	0.03776978417266187
p314	0.046762589928057555	0.0035971223021582736	0.04316546762589928	0.08453237410071943	0.023381294964028777	0.06115107913669065	0.014388489208633094	0.0737410071942446	0.10611510791366907	0.08633093525179857	0.01079136690647482	0.03776978417266187	0.0683453237410072	0.06474820143884892	0.02697841726618705	0.0341726618705036	0.07014388489208633	0.07014388489208633	0.0341726618705036	0.039568345323741004
p317	0.048561151079136694	0.0035971223021582736	0.04316546762589928	0.08453237410071943	0.023381294964028777	0.06115107913669065	0.014388489208633094	0.0737410071942446	0.1079136690647482	0.08633093525179857	0.01079136690647482	0.03597122302158273	0.0683453237410072	0.06474820143884892	0.02697841726618705	0.0341726618705036	0.07014388489208633	0.0683453237410072	0.0341726618705036	0.039568345323741004
p320	0.048561151079136694	0.0035971223021582736	0.04316546762589928	0.08453237410071943	0.023381294964028777	0.05935251798561151	0.014388489208633094	0.0737410071942446	0.1079136690647482	0.08633093525179857	0.01079136690647482	0.03597122302158273	0.0683453237410072	0.06474820143884892	0.02697841726618705	0.0341726618705036	0.07014388489208633	0.07014388489208633	0.0341726618705036	0.039568345323741004
p323	0.046762589928057555	0.0035971223021582736	0.04316546762589928	0.08453237410071943	0.023381294964028777	0.06115107913669065	0.014388489208633094	0.0737410071942446	0.1079136690647482	0.08812949640287769	0.01079136690647482	0.03597122302158273	0.06654676258992806	0.06474820143884892	0.02697841726618705	0.0341726618705036	0.07014388489208633	0.07014388489208633	0.0341726618705036	0.039568345323741004
p407	0.055855855855855854	0.005405405405405406	0.05045045045045045	0.08828828828828829	0.02702702702702703	0.05765765765765766	0.021621621621621623	0.07747747747747748	0.1009009009009009	0.08288288288288288	0.018018018018018018	0.03783783783783784	0.06126126126126126	0.06486486486486487	0.03423423423423423	0.02882882882882883	0.055855855855855854	0.06666666666666667	0.032432432432432434	0.032432432432432434
p427	0.04769001490312966	0.029806259314456036	0.06706408345752608	0.07451564828614009	0.06557377049180328	0.07153502235469449	0.028315946348733235	0.04918032786885246	0.08792846497764531	0.06855439642324888	0.03129657228017884	0.037257824143070044	0.05514157973174367	0.037257824143070044	0.04769001490312966	0.05067064083457526	0.04769001490312966	0.06110283159463487	0.013412816691505217	0.028315946348733235
p448	0.06552706552706553	0.005698005698005698	0.05128205128205128	0.07692307692307693	0.07122507122507123	0.06267806267806268	0.02564102564102564	0.05982905982905983	0.09686609686609686	0.09116809116809117	0.022792022792022793	0.04843304843304843	0.039886039886039885	0.039886039886039885	0.042735042735042736	0.045584045584045586	0.039886039886039885	0.05698005698005698	0.017094017094017096	0.039886039886039885
p459	0.06267806267806268	0.005698005698005698	0.05698005698005698	0.07407407407407407	0.07122507122507123	0.06267806267806268	0.02564102564102564	0.05982905982905983	0.09971509971509972	0.09116809116809117	0.019943019943019943	0.045584045584045586	0.039886039886039885	0.039886039886039885	0.042735042735042736	0.04843304843304843	0.039886039886039885	0.05698005698005698	0.017094017094017096	0.039886039886039885
p469	0.04193781634128706	0.03398409255242227	0.05278380332610268	0.07736804049168475	0.04266088214027477	0.0650759219088937	0.02675343456254519	0.04844540853217643	0.049891540130151846	0.09472161966738973	0.02386117136659436	0.05278380332610268	0.06146059291395517	0.0274765003615329	0.05639913232104121	0.07664497469269703	0.05278380332610268	0.06290672451193059	0.014461315979754157	0.03759942154736081
p520	0.05950413223140496	0.049586776859504134	0.050413223140495865	0.06363636363636363	0.02975206611570248	0.07024793388429752	0.0256198347107438	0.05702479338842975	0.05454545454545454	0.09173553719008265	0.02066115702479339	0.05454545454545454	0.06198347107438017	0.04049586776859504	0.049586776859504134	0.06942148760330578	0.05289256198347107	0.05785123966942149	0.010743801652892562	0.02975206611570248
p522	0.0871313672922252	0.014745308310991957	0.029490616621983913	0.07506702412868632	0.024128686327077747	0.06568364611260054	0.022788203753351208	0.03753351206434316	0.06970509383378017	0.08042895442359249	0.024128686327077747	0.029490616621983913	0.08042895442359249	0.030831099195710455	0.05630026809651475	0.10187667560321716	0.06702412868632708	0.05630026809651475	0.010723860589812333	0.036193029490616625
p531	0.046130952380952384	0.02976190476190476	0.0744047619047619	0.06547619047619048	0.0625	0.06994047619047619	0.03125	0.047619047619047616	0.08482142857142858	0.0744047619047619	0.02976190476190476	0.03571428571428571	0.06101190476190476	0.04017857142857143	0.049107142857142856	0.047619047619047616	0.041666666666666664	0.06696428571428571	0.011904761904761904	0.02976190476190476
p804	0.04040404040404041	0.003367003367003367	0.06397306397306397	0.06060606060606061	0.037037037037037035	0.06060606060606061	0.026936026936026935	0.07407407407407407	0.08080808080808081	0.12121212121212122	0.026936026936026935	0.03367003367003367	0.050505050505050504	0.03367003367003367	0.050505050505050504	0.0707070707070707	0.04377104377104377	0.06060606060606061	0.013468013468013467	0.04713804713804714
p566	0.05514157973174367	0.01639344262295082	0.06706408345752608	0.08792846497764531	0.05216095380029806	0.06855439642324888	0.019374068554396422	0.07302533532041729	0.08941877794336811	0.08941877794336811	0.02384500745156483	0.03427719821162444	0.040238450074515646	0.026825633383010434	0.04918032786885246	0.05514157973174367	0.05663189269746647	0.05216095380029806	0.011922503725782414	0.03129657228017884
p575	0.05063291139240506	0.017179023508137433	0.05244122965641953	0.08499095840867993	0.029837251356238697	0.05605786618444846	0.023508137432188065	0.048824593128390596	0.034358047016274866	0.11301989150090416	0.023508137432188065	0.03345388788426763	0.06962025316455696	0.03887884267631103	0.051537070524412296	0.08318264014466546	0.056962025316455694	0.08318264014466546	0.0108499095840868	0.0379746835443038
p694	0.05961070559610705	0.023114355231143552	0.06082725060827251	0.06690997566909976	0.021897810218978103	0.057177615571776155	0.0267639902676399	0.038929440389294405	0.05961070559610705	0.09854014598540146	0.030413625304136254	0.037712895377128956	0.06934306569343066	0.029197080291970802	0.04866180048661801	0.09002433090024331	0.051094890510948905	0.07664233576642336	0.01824817518248175	0.03527980535279805
p599	0.044642857142857144	0.02976190476190476	0.07589285714285714	0.0625	0.0625	0.06994047619047619	0.03125	0.046130952380952384	0.08779761904761904	0.0744047619047619	0.03125	0.03720238095238095	0.05803571428571429	0.041666666666666664	0.044642857142857144	0.050595238095238096	0.041666666666666664	0.06845238095238096	0.011904761904761904	0.02976190476190476
p602	0.05164992826398852	0.03156384505021521	0.06169296987087518	0.05738880918220947	0.06312769010043041	0.08464849354375897	0.03156384505021521	0.03873744619799139	0.05308464849354376	0.08321377331420372	0.02295552367288379	0.02582496413199426	0.08034433285509325	0.03299856527977044	0.06599713055954089	0.054519368723098996	0.05021520803443329	0.06886657101865136	0.01291248206599713	0.028694404591104734
p603	0.057692307692307696	0.03106508875739645	0.05917159763313609	0.07248520710059171	0.06804733727810651	0.06656804733727811	0.028106508875739646	0.057692307692307696	0.08727810650887574	0.08431952662721894	0.026627218934911243	0.042899408284023666	0.03550295857988166	0.038461538461538464	0.04881656804733728	0.05473372781065089	0.04437869822485207	0.05325443786982249	0.013313609467455622	0.029585798816568046
p605	0.04978038067349927	0.03513909224011713	0.05124450951683748	0.06149341142020498	0.06149341142020498	0.07320644216691069	0.03953147877013177	0.05417276720351391	0.05710102489019034	0.08931185944363104	0.027818448023426062	0.04538799414348463	0.0424597364568082	0.04538799414348463	0.060029282576866766	0.043923865300146414	0.06149341142020498	0.06588579795021962	0.01171303074670571	0.02342606149341142
p646	0.07034220532319392	0.02091254752851711	0.04182509505703422	0.0741444866920152	0.03612167300380228	0.0779467680608365	0.019011406844106463	0.030418250950570342	0.057034220532319393	0.09505703422053231	0.022813688212927757	0.030418250950570342	0.060836501901140684	0.039923954372623575	0.06273764258555133	0.06844106463878327	0.07604562737642585	0.058935361216730035	0.017110266159695818	0.039923954372623575
p651	0.08064516129032258	0.03763440860215054	0.03763440860215054	0.021505376344086023	0.016129032258064516	0.10752688172043011	0.016129032258064516	0.03225806451612903	0.04838709677419355	0.07526881720430108	0.016129032258064516	0.016129032258064516	0.06451612903225806	0.043010752688172046	0.06451612903225806	0.0913978494623656	0.0913978494623656	0.10215053763440861	0.010752688172043012	0.026881720430107527
p188	0.06613545816733067	0.04701195219123506	0.05179282868525897	0.06135458167330677	0.027888446215139442	0.0804780876494024	0.027888446215139442	0.0350597609561753	0.031075697211155377	0.1099601593625498	0.018326693227091632	0.03266932270916335	0.08685258964143426	0.04940239043824701	0.05657370517928287	0.05816733067729084	0.05338645418326693	0.06613545816733067	0.01195219123505976	0.027888446215139442
p690	0.052316890881913304	0.02466367713004484	0.05007473841554559	0.06278026905829596	0.03662182361733931	0.053811659192825115	0.02242152466367713	0.06427503736920777	0.07548579970104634	0.09192825112107623	0.02391629297458894	0.043348281016442454	0.045590433482810166	0.02914798206278027	0.05082212257100149	0.09566517189835576	0.07249626307922272	0.05530642750373692	0.01195814648729447	0.03736920777279522
p692	0.05014749262536873	0.024336283185840708	0.05088495575221239	0.07595870206489676	0.03023598820058997	0.06268436578171091	0.019174041297935103	0.058997050147492625	0.061946902654867256	0.09144542772861357	0.019174041297935103	0.03908554572271387	0.05235988200589971	0.03761061946902655	0.04498525073746313	0.08333333333333333	0.06710914454277286	0.08112094395280237	0.014011799410029498	0.035398230088495575
p698	0.030303030303030304	0.020202020202020204	0.04040404040404041	0.04040404040404041	0.020202020202020204	0.13131313131313133	0.010101010101010102	0.1111111111111111	0.06060606060606061	0.12121212121212122	0.020202020202020204	0.030303030303030304	0.06060606060606061	0.06060606060606061	0.04040404040404041	0.010101010101010102	0.08080808080808081	0.08080808080808081	0.020202020202020204	0.010101010101010102
p702	0.030303030303030304	0.020202020202020204	0.050505050505050504	0.030303030303030304	0.020202020202020204	0.13131313131313133	0.010101010101010102	0.12121212121212122	0.050505050505050504	0.08080808080808081	0.010101010101010102	0.04040404040404041	0.0707070707070707	0.0707070707070707	0.050505050505050504	0.0	0.08080808080808081	0.10101010101010101	0.020202020202020204	0.010101010101010102
p704	0.04893617021276596	0.04468085106382979	0.04893617021276596	0.05106382978723404	0.019148936170212766	0.07234042553191489	0.019148936170212766	0.07872340425531915	0.03829787234042553	0.05319148936170213	0.01276595744680851	0.08085106382978724	0.05319148936170213	0.027659574468085105	0.05319148936170213	0.08723404255319149	0.08297872340425531	0.05531914893617021	0.029787234042553193	0.0425531914893617
p359	0.05635245901639344	0.02459016393442623	0.05430327868852459	0.05942622950819672	0.04405737704918033	0.05635245901639344	0.022540983606557378	0.05327868852459016	0.06762295081967214	0.08504098360655737	0.02459016393442623	0.055327868852459015	0.05122950819672131	0.025614754098360656	0.040983606557377046	0.08094262295081968	0.060450819672131145	0.07991803278688525	0.014344262295081968	0.0430327868852459
p751	0.03411513859275053	0.046908315565031986	0.05970149253731343	0.04477611940298507	0.029850746268656716	0.08315565031982942	0.021321961620469083	0.08528784648187633	0.03624733475479744	0.04051172707889126	0.017057569296375266	0.07249466950959488	0.046908315565031986	0.031982942430703626	0.053304904051172705	0.10021321961620469	0.06823027718550106	0.07249466950959488	0.02771855010660981	0.02771855010660981
p752	0.06451612903225806	0.03870967741935484	0.053763440860215055	0.05591397849462366	0.03225806451612903	0.09032258064516129	0.023655913978494623	0.06666666666666667	0.060215053763440864	0.07741935483870968	0.030107526881720432	0.034408602150537634	0.047311827956989246	0.017204301075268817	0.04946236559139785	0.07741935483870968	0.08172043010752689	0.03870967741935484	0.017204301075268817	0.043010752688172046
p756	0.057803468208092484	0.031791907514450865	0.028901734104046242	0.03757225433526012	0.02023121387283237	0.09826589595375723	0.023121387283236993	0.05491329479768786	0.07803468208092486	0.06936416184971098	0.014450867052023121	0.06069364161849711	0.07803468208092486	0.03468208092485549	0.04046242774566474	0.057803468208092484	0.0953757225433526	0.07514450867052024	0.011560693641618497	0.031791907514450865
p759	0.08723747980613894	0.027463651050080775	0.050080775444264945	0.07431340872374798	0.029079159935379646	0.06785137318255251	0.025848142164781908	0.03877221324717286	0.06785137318255251	0.10016155088852989	0.033925686591276254	0.022617124394184167	0.06785137318255251	0.03715670436187399	0.05977382875605816	0.061389337641357025	0.03715670436187399	0.046849757673667204	0.014539579967689823	0.050080775444264945
p763	0.07086614173228346	0.014173228346456693	0.04251968503937008	0.07559055118110236	0.029921259842519685	0.07874015748031496	0.029921259842519685	0.04094488188976378	0.07716535433070866	0.09448818897637795	0.029921259842519685	0.047244094488188976	0.05196850393700787	0.04409448818897638	0.048818897637795275	0.05984251968503937	0.03622047244094488	0.05669291338582677	0.01732283464566929	0.05354330708661417
p52	0.055299539170506916	0.009216589861751152	0.08294930875576037	0.06451612903225806	0.07834101382488479	0.06912442396313365	0.027649769585253458	0.041474654377880185	0.07373271889400922	0.06451612903225806	0.02304147465437788	0.059907834101382486	0.05069124423963134	0.05069124423963134	0.055299539170506916	0.05069124423963134	0.02304147465437788	0.06451612903225806	0.02304147465437788	0.03225806451612903
p772	0.03411513859275053	0.046908315565031986	0.057569296375266525	0.04477611940298507	0.029850746268656716	0.08102345415778252	0.021321961620469083	0.08528784648187633	0.03837953091684435	0.04477611940298507	0.017057569296375266	0.06823027718550106	0.042643923240938165	0.03411513859275053	0.057569296375266525	0.09808102345415778	0.07036247334754797	0.07462686567164178	0.0255863539445629	0.02771855010660981
p773	0.05234159779614325	0.027548209366391185	0.046831955922865015	0.030303030303030304	0.03305785123966942	0.08539944903581267	0.01928374655647383	0.07162534435261708	0.05234159779614325	0.0743801652892562	0.013774104683195593	0.0743801652892562	0.05234159779614325	0.03305785123966942	0.05234159779614325	0.09090909090909091	0.07162534435261708	0.06060606060606061	0.01928374655647383	0.03856749311294766
p778	0.06881720430107527	0.03870967741935484	0.053763440860215055	0.05806451612903226	0.03225806451612903	0.09032258064516129	0.023655913978494623	0.06451612903225806	0.05591397849462366	0.07741935483870968	0.03225806451612903	0.030107526881720432	0.04516129032258064	0.017204301075268817	0.05161290322580645	0.08172043010752689	0.07956989247311828	0.03870967741935484	0.017204301075268817	0.043010752688172046
p796	0.06375838926174497	0.010067114093959731	0.053691275167785234	0.05704697986577181	0.053691275167785234	0.053691275167785234	0.03355704697986577	0.053691275167785234	0.07046979865771812	0.13087248322147652	0.016778523489932886	0.026845637583892617	0.06375838926174497	0.030201342281879196	0.053691275167785234	0.04697986577181208	0.05704697986577181	0.07718120805369127	0.013422818791946308	0.03355704697986577
p799	0.07260726072607261	0.013201320132013201	0.056105610561056105	0.0627062706270627	0.0429042904290429	0.07920792079207921	0.0297029702970297	0.036303630363036306	0.036303630363036306	0.10891089108910891	0.026402640264026403	0.0231023102310231	0.08250825082508251	0.026402640264026403	0.07590759075907591	0.04950495049504951	0.04950495049504951	0.0891089108910891	0.009900990099009901	0.0297029702970297
p808	0.06405693950177936	0.033807829181494664	0.04715302491103203	0.06583629893238434	0.03291814946619217	0.0693950177935943	0.026690391459074734	0.05871886120996441	0.054270462633451956	0.09341637010676157	0.020462633451957295	0.05249110320284697	0.05693950177935943	0.04092526690391459	0.051601423487544484	0.059608540925266906	0.054270462633451956	0.06850533807829182	0.01601423487544484	0.03291814946619217
p856	0.06211936662606577	0.02192448233861145	0.058465286236297195	0.07064555420219244	0.025578562728380026	0.05968331303288672	0.020706455542021926	0.04628501827040195	0.06090133982947625	0.08160779537149818	0.0341047503045067	0.0438489646772229	0.06577344701583435	0.025578562728380026	0.047503045066991476	0.06942752740560293	0.06577344701583435	0.08160779537149818	0.015834348355663823	0.04263093788063337
p858	0.04775687409551375	0.03400868306801737	0.05065123010130246	0.07670043415340087	0.0426917510853835	0.06657018813314038	0.026772793053545588	0.04775687409551375	0.04848046309696093	0.09840810419681621	0.02170767004341534	0.05209840810419682	0.059334298118668596	0.027496382054992764	0.059334298118668596	0.07597684515195369	0.049927641099855286	0.06295224312590449	0.01447178002894356	0.03690303907380608
p507	0.0550098231827112	0.01768172888015717	0.05108055009823183	0.08644400785854617	0.043222003929273084	0.07269155206286837	0.023575638506876228	0.0550098231827112	0.04518664047151277	0.0962671905697446	0.021611001964636542	0.047151277013752456	0.06286836935166994	0.04518664047151277	0.05697445972495088	0.05893909626719057	0.05304518664047151	0.04911591355599214	0.021611001964636542	0.03732809430255403
p920	0.07740585774058577	0.02092050209205021	0.0502092050209205	0.08158995815899582	0.03765690376569038	0.06694560669456066	0.043933054393305436	0.06485355648535565	0.06694560669456066	0.0899581589958159	0.016736401673640166	0.03138075313807531	0.04184100418410042	0.03556485355648536	0.056485355648535567	0.05439330543933055	0.058577405857740586	0.056485355648535567	0.016736401673640166	0.03138075313807531
