#	A	C	D	E	F	G	H	I	K	L	M	N	P	Q	R	S	T	V	W	Y
3EML_1|Chain	0.10040983606557377	0.028688524590163935	0.0389344262295082	0.030737704918032786	0.05122950819672131	0.06147540983606557	0.036885245901639344	0.07991803278688525	0.040983606557377046	0.10860655737704918	0.022540983606557378	0.05122950819672131	0.03483606557377049	0.03278688524590164	0.055327868852459015	0.045081967213114756	0.04918032786885246	0.0778688524590164	0.018442622950819672	0.03483606557377049
2HZI_1|Chains	0.07220216606498195	0.018050541516245487	0.04332129963898917	0.10108303249097472	0.039711191335740074	0.05776173285198556	0.021660649819494584	0.039711191335740074	0.06859205776173286	0.09025270758122744	0.04693140794223827	0.036101083032490974	0.04693140794223827	0.02888086642599278	0.039711191335740074	0.04693140794223827	0.05415162454873646	0.06498194945848375	0.02527075812274368	0.05776173285198556
3BKL_1|Chain	0.07614213197969544	0.011844331641285956	0.050761421319796954	0.06598984771573604	0.04230118443316413	0.05245346869712352	0.0338409475465313	0.04230118443316413	0.050761421319796954	0.10490693739424704	0.028764805414551606	0.043993231810490696	0.05583756345177665	0.06091370558375635	0.04568527918781726	0.05583756345177665	0.05414551607445008	0.047377326565143825	0.032148900169204735	0.043993231810490696
1E66_1|Chain	0.04419889502762431	0.014732965009208104	0.049723756906077346	0.06445672191528545	0.06261510128913444	0.08287292817679558	0.02578268876611418	0.03867403314917127	0.04604051565377532	0.09208103130755065	0.027624309392265192	0.06445672191528545	0.058931860036832415	0.029465930018416207	0.04419889502762431	0.08287292817679558	0.040515653775322284	0.07366482504604052	0.02578268876611418	0.03130755064456722
2E1W_1|Chain	0.07584269662921349	0.014044943820224719	0.06741573033707865	0.08707865168539326	0.033707865168539325	0.056179775280898875	0.03089887640449438	0.0449438202247191	0.07303370786516854	0.0898876404494382	0.02247191011235955	0.033707865168539325	0.056179775280898875	0.03089887640449438	0.0449438202247191	0.05056179775280899	0.056179775280898875	0.07584269662921349	0.011235955056179775	0.0449438202247191
2OI0_1|Chain	0.06766917293233082	0.022556390977443608	0.06390977443609022	0.07894736842105263	0.03383458646616541	0.07894736842105263	0.03007518796992481	0.05263157894736842	0.08270676691729323	0.06390977443609022	0.02631578947368421	0.05639097744360902	0.041353383458646614	0.03759398496240601	0.03383458646616541	0.06015037593984962	0.05263157894736842	0.04887218045112782	0.007518796992481203	0.06015037593984962
2VT4_1|Chains	0.09584664536741214	0.03194888178913738	0.038338658146964855	0.025559105431309903	0.054313099041533544	0.038338658146964855	0.025559105431309903	0.07987220447284345	0.03514376996805112	0.134185303514377	0.03514376996805112	0.02875399361022364	0.03514376996805112	0.025559105431309903	0.07028753993610223	0.054313099041533544	0.04792332268370607	0.08626198083067092	0.03194888178913738	0.025559105431309903
3NY8_1|Chain	0.0836734693877551	0.022448979591836733	0.04897959183673469	0.036734693877551024	0.05714285714285714	0.05102040816326531	0.02857142857142857	0.07959183673469387	0.05102040816326531	0.09591836734693877	0.02857142857142857	0.04897959183673469	0.026530612244897958	0.03469387755102041	0.053061224489795916	0.04897959183673469	0.061224489795918366	0.08163265306122448	0.024489795918367346	0.036734693877551024
3CQW_1|Chain	0.05555555555555555	0.014619883040935672	0.06725146198830409	0.09064327485380116	0.06140350877192982	0.06725146198830409	0.029239766081871343	0.038011695906432746	0.07602339181286549	0.09649122807017543	0.038011695906432746	0.023391812865497075	0.043859649122807015	0.029239766081871343	0.05555555555555555	0.04678362573099415	0.05555555555555555	0.05847953216374269	0.008771929824561403	0.043859649122807015
3CQW_2|Chain	0.1	0.0	0.0	0.1	0.1	0.1	0.0	0.0	0.0	0.0	0.0	0.0	0.1	0.0	0.2	0.1	0.2	0.0	0.0	0.0
3D0E_1|Chains	0.05373134328358209	0.011940298507462687	0.07164179104477612	0.08059701492537313	0.0626865671641791	0.0626865671641791	0.026865671641791045	0.04477611940298507	0.06567164179104477	0.11044776119402985	0.029850746268656716	0.020895522388059702	0.041791044776119404	0.029850746268656716	0.06865671641791045	0.041791044776119404	0.05970149253731343	0.0626865671641791	0.008955223880597015	0.04477611940298507
2HV5_1|Chain	0.060126582278481014	0.022151898734177215	0.04746835443037975	0.07278481012658228	0.03481012658227848	0.05063291139240506	0.028481012658227847	0.060126582278481014	0.07911392405063292	0.10443037974683544	0.0189873417721519	0.04746835443037975	0.06329113924050633	0.04113924050632911	0.03481012658227848	0.05379746835443038	0.04746835443037975	0.07911392405063292	0.0189873417721519	0.03481012658227848
1L2S_1|Chains	0.10335195530726257	0.0	0.03910614525139665	0.04189944134078212	0.025139664804469275	0.08100558659217877	0.013966480446927373	0.061452513966480445	0.05865921787709497	0.08659217877094973	0.01675977653631285	0.0446927374301676	0.07262569832402235	0.06983240223463687	0.030726256983240222	0.05027932960893855	0.06424581005586592	0.061452513966480445	0.036312849162011177	0.04189944134078212
2AM9_1|Chain	0.04887218045112782	0.022556390977443608	0.041353383458646614	0.05639097744360902	0.06390977443609022	0.03759398496240601	0.03383458646616541	0.06015037593984962	0.05639097744360902	0.10902255639097744	0.04887218045112782	0.041353383458646614	0.045112781954887216	0.06015037593984962	0.05263157894736842	0.06766917293233082	0.03383458646616541	0.07518796992481203	0.015037593984962405	0.03007518796992481
1S3B_1|Chains	0.06538461538461539	0.01730769230769231	0.038461538461538464	0.08076923076923077	0.026923076923076925	0.08076923076923077	0.025	0.05384615384615385	0.05961538461538462	0.1	0.03076923076923077	0.032692307692307694	0.05576923076923077	0.025	0.05961538461538462	0.038461538461538464	0.0673076923076923	0.07692307692307693	0.021153846153846155	0.04423076923076923
3L5D_1|Chains	0.057971014492753624	0.014492753623188406	0.05555555555555555	0.06763285024154589	0.04830917874396135	0.08454106280193237	0.016908212560386472	0.057971014492753624	0.036231884057971016	0.0748792270531401	0.01932367149758454	0.036231884057971016	0.05555555555555555	0.04106280193236715	0.050724637681159424	0.0748792270531401	0.06280193236714976	0.0821256038647343	0.016908212560386472	0.04589371980676329
3D4Q_1|Chains	0.04560260586319218	0.009771986970684038	0.05537459283387622	0.04234527687296417	0.035830618892508145	0.07166123778501629	0.05211726384364821	0.0749185667752443	0.06840390879478828	0.09446254071661238	0.03908794788273615	0.035830618892508145	0.03908794788273615	0.05211726384364821	0.06514657980456026	0.0781758957654723	0.04234527687296417	0.05211726384364821	0.016286644951140065	0.029315960912052116
1BCD_1|Chain	0.05019305019305019	0.003861003861003861	0.07335907335907337	0.05019305019305019	0.04633204633204633	0.08494208494208494	0.04633204633204633	0.03474903474903475	0.09266409266409266	0.10038610038610038	0.003861003861003861	0.03861003861003861	0.06563706563706563	0.04247104247104247	0.02702702702702703	0.0694980694980695	0.04633204633204633	0.06563706563706563	0.02702702702702703	0.03088803088803089
2CNK_1|Chain	0.02040816326530612	0.034013605442176874	0.07482993197278912	0.07482993197278912	0.047619047619047616	0.08163265306122448	0.02040816326530612	0.07482993197278912	0.07482993197278912	0.08163265306122448	0.027210884353741496	0.06802721088435375	0.02040816326530612	0.006802721088435374	0.07482993197278912	0.08163265306122448	0.06802721088435375	0.047619047619047616	0.0	0.02040816326530612
2CNK_2|Chain	0.0970873786407767	0.02912621359223301	0.06796116504854369	0.04854368932038835	0.07766990291262135	0.02912621359223301	0.038834951456310676	0.04854368932038835	0.07766990291262135	0.06796116504854369	0.038834951456310676	0.019417475728155338	0.02912621359223301	0.02912621359223301	0.02912621359223301	0.08737864077669903	0.04854368932038835	0.04854368932038835	0.019417475728155338	0.06796116504854369
2CNK_3|Chain	0.0	0.0	0.3333333333333333	0.3333333333333333	0.0	0.0	0.0	0.0	0.0	0.0	0.0	0.0	0.0	0.0	0.0	0.0	0.0	0.3333333333333333	0.0	0.0
1H00_1|Chain	0.06375838926174497	0.010067114093959731	0.053691275167785234	0.05704697986577181	0.053691275167785234	0.053691275167785234	0.03355704697986577	0.053691275167785234	0.07046979865771812	0.13087248322147652	0.016778523489932886	0.026845637583892617	0.06375838926174497	0.030201342281879196	0.053691275167785234	0.04697986577181208	0.05704697986577181	0.07718120805369127	0.013422818791946308	0.03355704697986577
3BWM_1|Chain	0.0794392523364486	0.03271028037383177	0.0794392523364486	0.06542056074766354	0.02336448598130841	0.07009345794392523	0.028037383177570093	0.056074766355140186	0.06542056074766354	0.11214953271028037	0.018691588785046728	0.02336448598130841	0.04205607476635514	0.04672897196261682	0.04205607476635514	0.037383177570093455	0.04205607476635514	0.08878504672897196	0.009345794392523364	0.037383177570093455
1R9O_1|Chain	0.039832285115303984	0.023060796645702306	0.041928721174004195	0.06708595387840671	0.06708595387840671	0.05870020964360587	0.033542976939203356	0.07337526205450734	0.07756813417190776	0.10272536687631027	0.029350104821802937	0.05450733752620545	0.0649895178197065	0.027253668763102725	0.041928721174004195	0.06079664570230608	0.05241090146750524	0.05450733752620545	0.0041928721174004195	0.025157232704402517
3NXU_1|Chains	0.03711340206185567	0.01443298969072165	0.05154639175257732	0.061855670103092786	0.06597938144329897	0.05360824742268041	0.024742268041237112	0.05979381443298969	0.07835051546391752	0.10309278350515463	0.03711340206185567	0.03711340206185567	0.07010309278350516	0.030927835051546393	0.04536082474226804	0.061855670103092786	0.05360824742268041	0.07628865979381444	0.006185567010309278	0.030927835051546393
3KRJ_1|Chain	0.07462686567164178	0.020895522388059702	0.04477611940298507	0.05970149253731343	0.04477611940298507	0.06865671641791045	0.026865671641791045	0.050746268656716415	0.06865671641791045	0.0955223880597015	0.023880597014925373	0.05373134328358209	0.050746268656716415	0.050746268656716415	0.041791044776119404	0.05970149253731343	0.03283582089552239	0.0626865671641791	0.01791044776119403	0.050746268656716415
3ODU_1|Chains	0.0796812749003984	0.017928286852589643	0.055776892430278883	0.04183266932270916	0.055776892430278883	0.05976095617529881	0.0199203187250996	0.08964143426294821	0.05976095617529881	0.10557768924302789	0.017928286852589643	0.04780876494023904	0.029880478087649404	0.025896414342629483	0.045816733067729085	0.05776892430278884	0.053784860557768925	0.06772908366533864	0.0199203187250996	0.04780876494023904
1LRU_1|Chains	0.07142857142857142	0.011904761904761904	0.07142857142857142	0.11904761904761904	0.017857142857142856	0.047619047619047616	0.023809523809523808	0.08928571428571429	0.06547619047619048	0.11904761904761904	0.023809523809523808	0.017857142857142856	0.041666666666666664	0.05357142857142857	0.08333333333333333	0.02976190476190476	0.017857142857142856	0.08333333333333333	0.0	0.011904761904761904
3FRJ_1|Chains	0.09090909090909091	0.01048951048951049	0.027972027972027972	0.05944055944055944	0.03496503496503497	0.05944055944055944	0.05244755244755245	0.055944055944055944	0.06293706293706294	0.0979020979020979	0.04895104895104895	0.03496503496503497	0.02097902097902098	0.04895104895104895	0.03496503496503497	0.08391608391608392	0.04895104895104895	0.08741258741258741	0.0034965034965034965	0.03496503496503497
2I78_1|Chains	0.048209366391184574	0.01652892561983471	0.05922865013774105	0.05509641873278237	0.04269972451790634	0.05509641873278237	0.026170798898071626	0.06473829201101929	0.05096418732782369	0.0743801652892562	0.01928374655647383	0.05371900826446281	0.03581267217630854	0.04132231404958678	0.04132231404958678	0.0881542699724518	0.06198347107438017	0.06060606060606061	0.027548209366391185	0.07713498622589532
3PBL_1|Chains	0.09147609147609148	0.029106029106029108	0.04365904365904366	0.031185031185031187	0.04365904365904366	0.056133056133056136	0.016632016632016633	0.05197505197505198	0.04158004158004158	0.10602910602910603	0.02286902286902287	0.04781704781704782	0.033264033264033266	0.029106029106029108	0.05405405405405406	0.060291060291060294	0.07484407484407485	0.10187110187110188	0.018711018711018712	0.04573804573804574
3NXO_1|Chain	0.026881720430107527	0.005376344086021506	0.04838709677419355	0.08602150537634409	0.04838709677419355	0.06989247311827956	0.016129032258064516	0.04838709677419355	0.08602150537634409	0.10215053763440861	0.03225806451612903	0.053763440860215055	0.06451612903225806	0.03763440860215054	0.04838709677419355	0.06451612903225806	0.03763440860215054	0.07526881720430108	0.016129032258064516	0.03225806451612903
2RGP_1|Chain	0.06031746031746032	0.01904761904761905	0.06666666666666667	0.07936507936507936	0.025396825396825397	0.05714285714285714	0.025396825396825397	0.0761904761904762	0.07301587301587302	0.10158730158730159	0.0380952380952381	0.022222222222222223	0.050793650793650794	0.02857142857142857	0.050793650793650794	0.050793650793650794	0.04126984126984127	0.07301587301587302	0.01904761904761905	0.04126984126984127
1SJ0_1|Chain	0.06048387096774194	0.016129032258064516	0.05241935483870968	0.06048387096774194	0.028225806451612902	0.04032258064516129	0.05241935483870968	0.04838709677419355	0.04435483870967742	0.18951612903225806	0.06048387096774194	0.03225806451612903	0.036290322580645164	0.036290322580645164	0.04435483870967742	0.06854838709677419	0.04435483870967742	0.05241935483870968	0.012096774193548387	0.020161290322580645
2FSZ_1|Chains	0.07317073170731707	0.0040650406504065045	0.04878048780487805	0.06504065040650407	0.024390243902439025	0.032520325203252036	0.036585365853658534	0.04065040650406504	0.056910569105691054	0.18699186991869918	0.06504065040650407	0.028455284552845527	0.04065040650406504	0.028455284552845527	0.04065040650406504	0.09349593495934959	0.032520325203252036	0.07317073170731707	0.016260162601626018	0.012195121951219513
3KL6_1|Chain	0.058091286307053944	0.03734439834024896	0.04564315352697095	0.07883817427385892	0.04979253112033195	0.0954356846473029	0.02074688796680498	0.05394190871369295	0.07883817427385892	0.058091286307053944	0.02074688796680498	0.029045643153526972	0.029045643153526972	0.03734439834024896	0.06224066390041494	0.04564315352697095	0.08298755186721991	0.06639004149377593	0.016597510373443983	0.03319502074688797
3KL6_2|Chain	0.07017543859649122	0.12280701754385964	0.07017543859649122	0.05263157894736842	0.017543859649122806	0.10526315789473684	0.017543859649122806	0.017543859649122806	0.05263157894736842	0.07017543859649122	0.0	0.05263157894736842	0.05263157894736842	0.05263157894736842	0.07017543859649122	0.05263157894736842	0.05263157894736842	0.03508771929824561	0.0	0.03508771929824561
1W7X_1|Chain	0.051181102362204724	0.03543307086614173	0.047244094488188976	0.03937007874015748	0.027559055118110236	0.0984251968503937	0.03543307086614173	0.04330708661417323	0.031496062992125984	0.11023622047244094	0.015748031496062992	0.027559055118110236	0.05511811023622047	0.047244094488188976	0.05905511811023622	0.06299212598425197	0.06299212598425197	0.09448818897637795	0.027559055118110236	0.027559055118110236
1W7X_2|Chain	0.01818181818181818	0.12727272727272726	0.03636363636363636	0.09090909090909091	0.0	0.10909090909090909	0.03636363636363636	0.05454545454545454	0.05454545454545454	0.05454545454545454	0.0	0.03636363636363636	0.05454545454545454	0.01818181818181818	0.05454545454545454	0.07272727272727272	0.07272727272727272	0.05454545454545454	0.0	0.05454545454545454
2NNQ_1|Chain	0.04580152671755725	0.015267175572519083	0.08396946564885496	0.06870229007633588	0.04580152671755725	0.07633587786259542	0.007633587786259542	0.061068702290076333	0.10687022900763359	0.03816793893129771	0.030534351145038167	0.030534351145038167	0.007633587786259542	0.015267175572519083	0.04580152671755725	0.06870229007633588	0.0916030534351145	0.1297709923664122	0.015267175572519083	0.015267175572519083
3BZ3_1|Chain	0.057971014492753624	0.028985507246376812	0.043478260869565216	0.07971014492753623	0.03985507246376811	0.05434782608695652	0.018115942028985508	0.06521739130434782	0.057971014492753624	0.09782608695652174	0.036231884057971016	0.036231884057971016	0.050724637681159424	0.03985507246376811	0.06521739130434782	0.06884057971014493	0.043478260869565216	0.057971014492753624	0.018115942028985508	0.03985507246376811
3C4F_1|Chains	0.06291390728476821	0.019867549668874173	0.06622516556291391	0.076158940397351	0.023178807947019868	0.059602649006622516	0.026490066225165563	0.04304635761589404	0.0728476821192053	0.11258278145695365	0.039735099337748346	0.039735099337748346	0.059602649006622516	0.029801324503311258	0.056291390728476824	0.04966887417218543	0.03642384105960265	0.0695364238410596	0.016556291390728478	0.039735099337748346
1J4H_1|Chain	0.04672897196261682	0.009345794392523364	0.056074766355140186	0.06542056074766354	0.04672897196261682	0.12149532710280374	0.028037383177570093	0.04672897196261682	0.07476635514018691	0.06542056074766354	0.028037383177570093	0.009345794392523364	0.06542056074766354	0.04672897196261682	0.056074766355140186	0.04672897196261682	0.06542056074766354	0.08411214953271028	0.009345794392523364	0.028037383177570093
3E37_1|Chain	0.06860158311345646	0.005277044854881266	0.07387862796833773	0.0870712401055409	0.023746701846965697	0.0316622691292876	0.029023746701846966	0.05013192612137203	0.047493403693931395	0.09498680738786279	0.0158311345646438	0.06068601583113457	0.06068601583113457	0.07651715039577836	0.05804749340369393	0.05013192612137203	0.026385224274406333	0.0633245382585752	0.026385224274406333	0.05013192612137203
3E37_2|Chain	0.07322654462242563	0.036613272311212815	0.041189931350114416	0.06864988558352403	0.038901601830663615	0.08009153318077804	0.036613272311212815	0.041189931350114416	0.034324942791762014	0.11670480549199085	0.018306636155606407	0.020594965675057208	0.06407322654462243	0.057208237986270026	0.041189931350114416	0.07093821510297482	0.041189931350114416	0.05491990846681922	0.018306636155606407	0.04576659038901602
1ZW5_1|Chain	0.08450704225352113	0.016901408450704224	0.0647887323943662	0.07605633802816901	0.03943661971830986	0.059154929577464786	0.014084507042253521	0.059154929577464786	0.061971830985915494	0.11267605633802817	0.01971830985915493	0.030985915492957747	0.03380281690140845	0.07042253521126761	0.04788732394366197	0.036619718309859155	0.03380281690140845	0.0647887323943662	0.011267605633802818	0.061971830985915494
3BQD_1|Chain	0.043137254901960784	0.0196078431372549	0.0392156862745098	0.06274509803921569	0.03529411764705882	0.0392156862745098	0.0196078431372549	0.054901960784313725	0.058823529411764705	0.14901960784313725	0.050980392156862744	0.043137254901960784	0.0392156862745098	0.058823529411764705	0.0392156862745098	0.08235294117647059	0.050980392156862744	0.047058823529411764	0.0196078431372549	0.047058823529411764
3BQD_2|Chain	0.07692307692307693	0.0	0.0	0.07692307692307693	0.0	0.0	0.0	0.0	0.07692307692307693	0.3076923076923077	0.0	0.0	0.0	0.3076923076923077	0.0	0.07692307692307693	0.07692307692307693	0.0	0.0	0.0
2V3F_1|Chains	0.07722772277227723	0.013861386138613862	0.053465346534653464	0.03762376237623762	0.053465346534653464	0.06732673267326733	0.03762376237623762	0.041584158415841586	0.04356435643564356	0.11089108910891089	0.019801980198019802	0.03762376237623762	0.06732673267326733	0.039603960396039604	0.041584158415841586	0.07128712871287128	0.06336633663366337	0.061386138613861385	0.023762376237623763	0.03762376237623762
3KGC_1|Chains	0.07224334600760456	0.015209125475285171	0.049429657794676805	0.07604562737642585	0.026615969581749048	0.09505703422053231	0.0076045627376425855	0.060836501901140684	0.10646387832699619	0.07604562737642585	0.03802281368821293	0.034220532319391636	0.026615969581749048	0.011406844106463879	0.03802281368821293	0.06844106463878327	0.06463878326996197	0.06844106463878327	0.015209125475285171	0.049429657794676805
1VSO_1|Chain	0.04669260700389105	0.011673151750972763	0.06614785992217899	0.058365758754863814	0.027237354085603113	0.08560311284046693	0.007782101167315175	0.07392996108949416	0.08560311284046693	0.09727626459143969	0.03501945525291829	0.03501945525291829	0.03501945525291829	0.03501945525291829	0.04669260700389105	0.0622568093385214	0.07003891050583658	0.05058365758754864	0.01556420233463035	0.054474708171206226
3MAX_1|Chains	0.051771117166212535	0.02452316076294278	0.05994550408719346	0.05994550408719346	0.04632152588555858	0.08719346049046321	0.035422343324250684	0.051771117166212535	0.0653950953678474	0.07901907356948229	0.04087193460490463	0.04904632152588556	0.04087193460490463	0.0326975476839237	0.04632152588555858	0.043596730245231606	0.043596730245231606	0.05994550408719346	0.005449591280653951	0.07629427792915532
3F07_1|Chains	0.07216494845360824	0.02577319587628866	0.06443298969072164	0.05670103092783505	0.03350515463917526	0.08762886597938144	0.04896907216494845	0.06701030927835051	0.05412371134020619	0.08247422680412371	0.02577319587628866	0.02577319587628866	0.04896907216494845	0.03865979381443299	0.030927835051546393	0.061855670103092786	0.04381443298969072	0.06701030927835051	0.010309278350515464	0.05412371134020619
3NF7_1|Chains	0.07650273224043716	0.01092896174863388	0.03825136612021858	0.060109289617486336	0.01639344262295082	0.10382513661202186	0.07650273224043716	0.08196721311475409	0.06557377049180328	0.04918032786885246	0.02185792349726776	0.0273224043715847	0.03278688524590164	0.0546448087431694	0.0273224043715847	0.07103825136612021	0.060109289617486336	0.08196721311475409	0.02185792349726776	0.02185792349726776
1XL2_1|Chains	0.030303030303030304	0.020202020202020204	0.04040404040404041	0.04040404040404041	0.020202020202020204	0.13131313131313133	0.010101010101010102	0.13131313131313133	0.06060606060606061	0.12121212121212122	0.020202020202020204	0.030303030303030304	0.06060606060606061	0.06060606060606061	0.04040404040404041	0.010101010101010102	0.08080808080808081	0.06060606060606061	0.020202020202020204	0.010101010101010102
3LAN_1|Chains	0.04642857142857143	0.0035714285714285713	0.044642857142857144	0.08392857142857142	0.023214285714285715	0.060714285714285714	0.014285714285714285	0.07321428571428572	0.10357142857142858	0.0875	0.010714285714285714	0.033928571428571426	0.06607142857142857	0.06607142857142857	0.03214285714285714	0.033928571428571426	0.07142857142857142	0.07142857142857142	0.033928571428571426	0.039285714285714285
3CCW_1|Chains	0.10430839002267574	0.034013605442176874	0.024943310657596373	0.06802721088435375	0.015873015873015872	0.09070294784580499	0.031746031746031744	0.06802721088435375	0.049886621315192746	0.08616780045351474	0.036281179138321996	0.05215419501133787	0.04081632653061224	0.034013605442176874	0.047619047619047616	0.07029478458049887	0.047619047619047616	0.06575963718820861	0.0045351473922902496	0.027210884353741496
1UYG_1|Chain	0.0635593220338983	0.0	0.06779661016949153	0.11440677966101695	0.0423728813559322	0.0635593220338983	0.01694915254237288	0.0847457627118644	0.07203389830508475	0.07627118644067797	0.029661016949152543	0.03389830508474576	0.025423728813559324	0.046610169491525424	0.03389830508474576	0.06779661016949153	0.08050847457627118	0.046610169491525424	0.00423728813559322	0.029661016949152543
3F9M_1|Chain	0.05319148936170213	0.02553191489361702	0.0574468085106383	0.10212765957446808	0.04042553191489362	0.08936170212765958	0.03404255319148936	0.036170212765957444	0.05319148936170213	0.08936170212765958	0.04893617021276596	0.027659574468085105	0.019148936170212766	0.03404255319148936	0.06382978723404255	0.06595744680851064	0.04893617021276596	0.07872340425531915	0.006382978723404255	0.02553191489361702
2OJ9_1|Chain	0.05863192182410423	0.013029315960912053	0.048859934853420196	0.10097719869706841	0.04234527687296417	0.06840390879478828	0.009771986970684038	0.03908794788273615	0.05211726384364821	0.08143322475570032	0.06514657980456026	0.03908794788273615	0.048859934853420196	0.026058631921824105	0.05863192182410423	0.06514657980456026	0.035830618892508145	0.09120521172638436	0.016286644951140065	0.03908794788273615
2ICA_1|Chain	0.06557377049180328	0.0	0.08743169398907104	0.060109289617486336	0.08196721311475409	0.04371584699453552	0.0273224043715847	0.07103825136612021	0.1092896174863388	0.09289617486338798	0.0273224043715847	0.0273224043715847	0.02185792349726776	0.03825136612021858	0.02185792349726776	0.06557377049180328	0.07103825136612021	0.0546448087431694	0.0	0.03278688524590164
3LPB_1|Chains	0.02711864406779661	0.01694915254237288	0.0576271186440678	0.0847457627118644	0.04067796610169491	0.06440677966101695	0.02711864406779661	0.061016949152542375	0.07796610169491526	0.09830508474576272	0.030508474576271188	0.05084745762711865	0.04406779661016949	0.04745762711864407	0.06440677966101695	0.05423728813559322	0.03389830508474576	0.0576271186440678	0.010169491525423728	0.05084745762711865
3CJO_1|Chains	0.06267029972752043	0.010899182561307902	0.043596730245231606	0.08991825613079019	0.027247956403269755	0.06267029972752043	0.01907356948228883	0.0681198910081744	0.07084468664850137	0.08446866485013624	0.01634877384196185	0.051771117166212535	0.035422343324250684	0.027247956403269755	0.0653950953678474	0.08174386920980926	0.07901907356948229	0.07356948228882834	0.0027247956403269754	0.027247956403269755
3G0E_1|Chain	0.06845238095238096	0.023809523809523808	0.05357142857142857	0.05952380952380952	0.044642857142857144	0.05952380952380952	0.020833333333333332	0.0625	0.0744047619047619	0.10119047619047619	0.03869047619047619	0.044642857142857144	0.050595238095238096	0.020833333333333332	0.03869047619047619	0.06547619047619048	0.047619047619047616	0.05654761904761905	0.017857142857142856	0.050595238095238096
2B8T_1|Chains	0.06726457399103139	0.02242152466367713	0.053811659192825115	0.07174887892376682	0.06726457399103139	0.053811659192825115	0.026905829596412557	0.1031390134529148	0.09865470852017937	0.053811659192825115	0.013452914798206279	0.07174887892376682	0.03587443946188341	0.013452914798206279	0.04932735426008968	0.05829596412556054	0.04484304932735426	0.05829596412556054	0.004484304932735426	0.03139013452914798
2I0E_1|Chains	0.05099150141643059	0.019830028328611898	0.0679886685552408	0.0821529745042493	0.0708215297450425	0.07365439093484419	0.0226628895184136	0.056657223796033995	0.0821529745042493	0.07365439093484419	0.036827195467422094	0.036827195467422094	0.053824362606232294	0.0339943342776204	0.042492917847025496	0.039660056657223795	0.042492917847025496	0.06515580736543909	0.0113314447592068	0.036827195467422094
2OF2_1|Chain	0.07011070110701106	0.01107011070110701	0.04797047970479705	0.09225092250922509	0.04059040590405904	0.05904059040590406	0.014760147601476014	0.06642066420664207	0.05166051660516605	0.0996309963099631	0.033210332103321034	0.04059040590405904	0.05166051660516605	0.033210332103321034	0.06273062730627306	0.03690036900369004	0.06273062730627306	0.055350553505535055	0.025830258302583026	0.04428044280442804
3CHP_1|Chain	0.06229508196721312	0.018032786885245903	0.05573770491803279	0.06721311475409836	0.04426229508196721	0.04918032786885246	0.02622950819672131	0.05081967213114754	0.06557377049180328	0.11311475409836065	0.01639344262295082	0.03442622950819672	0.05737704918032787	0.04262295081967213	0.03770491803278689	0.07377049180327869	0.06557377049180328	0.06229508196721312	0.021311475409836064	0.036065573770491806
3M2W_1|Chain	0.046822742474916385	0.020066889632107024	0.043478260869565216	0.08361204013377926	0.030100334448160536	0.056856187290969896	0.026755852842809364	0.07357859531772576	0.0802675585284281	0.0903010033444816	0.043478260869565216	0.03678929765886288	0.046822742474916385	0.043478260869565216	0.06020066889632107	0.056856187290969896	0.056856187290969896	0.05351170568561873	0.016722408026755852	0.033444816053511704
2AA2_1|Chain	0.05818181818181818	0.01090909090909091	0.03272727272727273	0.06909090909090909	0.05090909090909091	0.02909090909090909	0.02181818181818182	0.04363636363636364	0.06909090909090909	0.13090909090909092	0.04	0.04	0.05454545454545454	0.05818181818181818	0.03272727272727273	0.09454545454545454	0.05090909090909091	0.05818181818181818	0.014545454545454545	0.04
3LQ8_1|Chain	0.046357615894039736	0.019867549668874173	0.052980132450331126	0.052980132450331126	0.052980132450331126	0.0695364238410596	0.04304635761589404	0.052980132450331126	0.06622516556291391	0.11258278145695365	0.029801324503311258	0.03642384105960265	0.04966887417218543	0.026490066225165563	0.04304635761589404	0.06622516556291391	0.046357615894039736	0.08609271523178808	0.013245033112582781	0.033112582781456956
2OJG_1|Chain	0.06578947368421052	0.018421052631578946	0.06315789473684211	0.05526315789473684	0.034210526315789476	0.05263157894736842	0.05263157894736842	0.07368421052631578	0.060526315789473685	0.11578947368421053	0.02631578947368421	0.05	0.05526315789473684	0.031578947368421054	0.05263157894736842	0.05526315789473684	0.03684210526315789	0.042105263157894736	0.007894736842105263	0.05
2ZDT_1|Chain	0.054945054945054944	0.019230769230769232	0.06043956043956044	0.06318681318681318	0.03296703296703297	0.04120879120879121	0.027472527472527472	0.06318681318681318	0.07692307692307693	0.09615384615384616	0.04120879120879121	0.04395604395604396	0.054945054945054944	0.046703296703296704	0.046703296703296704	0.0521978021978022	0.038461538461538464	0.07967032967032966	0.01098901098901099	0.04945054945054945
2QD9_1|Chain	0.07103825136612021	0.01092896174863388	0.07377049180327869	0.06284153005464481	0.03551912568306011	0.040983606557377046	0.04644808743169399	0.060109289617486336	0.05191256830601093	0.11748633879781421	0.030054644808743168	0.03825136612021858	0.04644808743169399	0.040983606557377046	0.05191256830601093	0.0546448087431694	0.05191256830601093	0.060109289617486336	0.01366120218579235	0.040983606557377046
830C_1|Chains	0.05357142857142857	0.0	0.09523809523809523	0.03571428571428571	0.07738095238095238	0.09523809523809523	0.05357142857142857	0.041666666666666664	0.05952380952380952	0.07738095238095238	0.02976190476190476	0.03571428571428571	0.07142857142857142	0.011904761904761904	0.017857142857142856	0.07142857142857142	0.05952380952380952	0.041666666666666664	0.017857142857142856	0.05357142857142857
3EQH_1|Chain	0.05555555555555555	0.016666666666666666	0.05277777777777778	0.07777777777777778	0.041666666666666664	0.08333333333333333	0.025	0.06666666666666667	0.07222222222222222	0.09722222222222222	0.03333333333333333	0.030555555555555555	0.06666666666666667	0.041666666666666664	0.05	0.06944444444444445	0.025	0.06666666666666667	0.005555555555555556	0.022222222222222223
1QW6_1|Chain	0.047619047619047616	0.023809523809523808	0.06190476190476191	0.05952380952380952	0.04523809523809524	0.05952380952380952	0.03333333333333333	0.05476190476190476	0.06190476190476191	0.08571428571428572	0.02619047619047619	0.04285714285714286	0.05476190476190476	0.04285714285714286	0.05238095238095238	0.06190476190476191	0.05952380952380952	0.05714285714285714	0.030952380952380953	0.0380952380952381
1B9V_1|Chain	0.0641025641025641	0.04358974358974359	0.06153846153846154	0.05897435897435897	0.028205128205128206	0.1	0.03076923076923077	0.06666666666666667	0.06153846153846154	0.06153846153846154	0.028205128205128206	0.03076923076923077	0.04358974358974359	0.015384615384615385	0.05641025641025641	0.06666666666666667	0.07179487179487179	0.04358974358974359	0.023076923076923078	0.04358974358974359
1KVO_1|Chains	0.06451612903225806	0.11290322580645161	0.04032258064516129	0.024193548387096774	0.04032258064516129	0.08870967741935484	0.03225806451612903	0.016129032258064516	0.10483870967741936	0.04838709677419355	0.008064516129032258	0.04838709677419355	0.016129032258064516	0.024193548387096774	0.08064516129032258	0.08064516129032258	0.08064516129032258	0.024193548387096774	0.0	0.06451612903225806
3L3M_1|Chain	0.05714285714285714	0.005714285714285714	0.07142857142857142	0.05142857142857143	0.02857142857142857	0.06571428571428571	0.025714285714285714	0.07142857142857142	0.09428571428571429	0.10857142857142857	0.025714285714285714	0.045714285714285714	0.045714285714285714	0.04	0.03142857142857143	0.08285714285714285	0.04	0.06	0.002857142857142857	0.045714285714285714
1UDT_1|Chain	0.08333333333333333	0.027777777777777776	0.05246913580246913	0.06790123456790123	0.04938271604938271	0.024691358024691357	0.037037037037037035	0.07098765432098765	0.06481481481481481	0.13271604938271606	0.027777777777777776	0.05246913580246913	0.027777777777777776	0.06790123456790123	0.04938271604938271	0.04938271604938271	0.04938271604938271	0.030864197530864196	0.012345679012345678	0.021604938271604937
2OYU_1|Chain	0.043333333333333335	0.021666666666666667	0.041666666666666664	0.058333333333333334	0.065	0.07333333333333333	0.03	0.04666666666666667	0.04	0.115	0.02666666666666667	0.03166666666666667	0.08166666666666667	0.04666666666666667	0.06	0.055	0.051666666666666666	0.051666666666666666	0.015	0.045
3LN1_1|Chains	0.04258943781942078	0.020442930153321975	0.04258943781942078	0.06473594548551959	0.06132879045996593	0.06303236797274275	0.030664395229982964	0.05792163543441227	0.059625212947189095	0.09369676320272573	0.022146507666098807	0.05110732538330494	0.06643952299829642	0.049403747870528106	0.044293015332197615	0.056218057921635436	0.06303236797274275	0.054514480408858604	0.010221465076660987	0.04599659284497445
2OWB_1|Chain	0.06865671641791045	0.020895522388059702	0.041791044776119404	0.06567164179104477	0.04776119402985075	0.06567164179104477	0.029850746268656716	0.05970149253731343	0.07761194029850746	0.10746268656716418	0.011940298507462687	0.03283582089552239	0.08358208955223881	0.01791044776119403	0.07164179104477612	0.05373134328358209	0.041791044776119404	0.06865671641791045	0.0029850746268656717	0.029850746268656716
3BGS_1|Chain	0.07612456747404844	0.01384083044982699	0.04498269896193772	0.06228373702422145	0.05190311418685121	0.09342560553633218	0.02768166089965398	0.04152249134948097	0.04152249134948097	0.08996539792387544	0.04152249134948097	0.03806228373702422	0.05190311418685121	0.04498269896193772	0.058823529411764705	0.04844290657439446	0.05190311418685121	0.07958477508650519	0.010380622837370242	0.031141868512110725
2P54_1|Chain	0.08239700374531835	0.026217228464419477	0.0599250936329588	0.06367041198501873	0.056179775280898875	0.04119850187265917	0.0299625468164794	0.06741573033707865	0.07865168539325842	0.12359550561797752	0.04119850187265917	0.052434456928838954	0.033707865168539325	0.03745318352059925	0.033707865168539325	0.04119850187265917	0.03745318352059925	0.06741573033707865	0.0	0.026217228464419477
2P54_2|Chain	0.08333333333333333	0.0	0.0	0.08333333333333333	0.0	0.0	0.16666666666666666	0.08333333333333333	0.08333333333333333	0.25	0.0	0.0	0.0	0.08333333333333333	0.16666666666666666	0.0	0.0	0.0	0.0	0.0
2ZNP_1|Chains	0.08333333333333333	0.010869565217391304	0.04710144927536232	0.06159420289855073	0.06159420289855073	0.036231884057971016	0.036231884057971016	0.06159420289855073	0.07608695652173914	0.12318840579710146	0.028985507246376812	0.036231884057971016	0.043478260869565216	0.04710144927536232	0.03985507246376811	0.05434782608695652	0.05434782608695652	0.06159420289855073	0.007246376811594203	0.028985507246376812
2GTK_1|Chain	0.05904059040590406	0.0036900369003690036	0.06642066420664207	0.07011070110701106	0.055350553505535055	0.04059040590405904	0.02214022140221402	0.07749077490774908	0.08856088560885608	0.14022140221402213	0.033210332103321034	0.02952029520295203	0.03690036900369004	0.05904059040590406	0.02952029520295203	0.05904059040590406	0.04797047970479705	0.05166051660516605	0.0	0.02952029520295203
2GTK_2|Chain	0.0	0.0	0.0	0.0	0.0	0.0	0.1	0.0	0.1	0.3	0.0	0.0	0.0	0.1	0.0	0.0	0.3	0.1	0.0	0.0
3KBA_1|Chains	0.02766798418972332	0.011857707509881422	0.03162055335968379	0.05533596837944664	0.043478260869565216	0.039525691699604744	0.023715415019762844	0.06719367588932806	0.05928853754940711	0.16996047430830039	0.043478260869565216	0.03162055335968379	0.043478260869565216	0.07509881422924901	0.039525691699604744	0.09881422924901186	0.03557312252964427	0.05533596837944664	0.015810276679841896	0.03162055335968379
2AZR_1|Chain	0.043478260869565216	0.020066889632107024	0.06020066889632107	0.0903010033444816	0.046822742474916385	0.046822742474916385	0.030100334448160536	0.05351170568561873	0.07357859531772576	0.09364548494983277	0.03678929765886288	0.033444816053511704	0.04013377926421405	0.046822742474916385	0.056856187290969896	0.0802675585284281	0.043478260869565216	0.05351170568561873	0.020066889632107024	0.030100334448160536
1NJS_1|Chains	0.10047846889952153	0.014354066985645933	0.0430622009569378	0.06698564593301436	0.03349282296650718	0.07177033492822966	0.05263157894736842	0.07655502392344497	0.05741626794258373	0.09090909090909091	0.009569377990430622	0.0430622009569378	0.03349282296650718	0.03827751196172249	0.03827751196172249	0.06698564593301436	0.04784688995215311	0.10047846889952153	0.009569377990430622	0.004784688995215311
1C8K_1|Chain	0.07482185273159145	0.010688836104513063	0.05819477434679335	0.07719714964370546	0.04513064133016627	0.057007125890736345	0.026128266033254157	0.060570071258907364	0.057007125890736345	0.09263657957244656	0.02494061757719715	0.05463182897862233	0.04275534441805225	0.035629453681710214	0.07482185273159145	0.0344418052256532	0.04275534441805225	0.07363420427553444	0.014251781472684086	0.04275534441805225
1D3G_1|Chain	0.08174386920980926	0.0	0.05449591280653951	0.05994550408719346	0.02997275204359673	0.11171662125340599	0.021798365122615803	0.0326975476839237	0.04904632152588556	0.1226158038147139	0.013623978201634877	0.02452316076294278	0.051771117166212535	0.043596730245231606	0.08446866485013624	0.051771117166212535	0.051771117166212535	0.09264305177111716	0.0027247956403269754	0.01907356948228883
3G6Z_1|Chains	0.0469208211143695	0.017595307917888565	0.04985337243401759	0.0469208211143695	0.05571847507331378	0.09970674486803519	0.020527859237536656	0.06451612903225806	0.04398826979472141	0.08211143695014662	0.02346041055718475	0.03519061583577713	0.03812316715542522	0.03519061583577713	0.02932551319648094	0.0967741935483871	0.08797653958944282	0.06744868035190615	0.008797653958944282	0.04985337243401759
2ETR_1|Chains	0.05301204819277108	0.012048192771084338	0.09879518072289156	0.06265060240963856	0.060240963855421686	0.05783132530120482	0.016867469879518072	0.03614457831325301	0.06746987951807229	0.09156626506024096	0.04096385542168675	0.05542168674698795	0.03855421686746988	0.014457831325301205	0.05783132530120482	0.06265060240963856	0.03855421686746988	0.07228915662650602	0.016867469879518072	0.04578313253012048
1MV9_1|Chain	0.09166666666666666	0.016666666666666666	0.05	0.08333333333333333	0.041666666666666664	0.04583333333333333	0.03333333333333333	0.05	0.05416666666666667	0.1375	0.03333333333333333	0.0375	0.058333333333333334	0.025	0.05	0.0625	0.04583333333333333	0.058333333333333334	0.008333333333333333	0.016666666666666666
1MV9_2|Chain	0.0	0.0	0.07692307692307693	0.0	0.0	0.0	0.15384615384615385	0.07692307692307693	0.15384615384615385	0.23076923076923078	0.0	0.0	0.0	0.07692307692307693	0.07692307692307693	0.15384615384615385	0.0	0.0	0.0	0.0
1LI4_1|Chain	0.09027777777777778	0.023148148148148147	0.06018518518518518	0.0625	0.02546296296296296	0.08564814814814815	0.02546296296296296	0.07407407407407407	0.06712962962962964	0.08796296296296297	0.037037037037037035	0.046296296296296294	0.037037037037037035	0.03009259259259259	0.03935185185185185	0.032407407407407406	0.05555555555555555	0.07175925925925926	0.013888888888888888	0.034722222222222224
