#	alphatic	aromatic	postivecharge	negativecharge	uncharge
3EML_1|Chain	0.45081967213114754	0.10450819672131148	0.13319672131147542	0.06967213114754098	0.24180327868852458
2HZI_1|Chains	0.37184115523465705	0.12274368231046931	0.1299638989169675	0.1444043321299639	0.23104693140794225
3BKL_1|Chain	0.35194585448392557	0.11844331641285956	0.13028764805414553	0.116751269035533	0.2825719120135364
1E66_1|Chain	0.35911602209944754	0.11970534069981584	0.11602209944751381	0.1141804788213628	0.29097605893186
2E1W_1|Chain	0.3651685393258427	0.0898876404494382	0.14887640449438203	0.1544943820224719	0.24157303370786518
2OI0_1|Chain	0.3383458646616541	0.10150375939849623	0.14661654135338345	0.14285714285714285	0.2706766917293233
2VT4_1|Chains	0.4696485623003195	0.11182108626198083	0.13099041533546327	0.06389776357827476	0.22364217252396165
3NY8_1|Chain	0.4204081632653061	0.11836734693877551	0.1326530612244898	0.08571428571428572	0.24285714285714285
3CQW_1|Chain	0.3538011695906433	0.11403508771929824	0.1608187134502924	0.15789473684210525	0.2134502923976608
3CQW_2|Chain	0.2	0.1	0.2	0.1	0.4
3D0E_1|Chains	0.3641791044776119	0.11641791044776119	0.16119402985074627	0.15223880597014924	0.20597014925373133
2HV5_1|Chain	0.37341772151898733	0.08860759493670886	0.14240506329113925	0.12025316455696203	0.27531645569620256
1L2S_1|Chains	0.4106145251396648	0.10335195530726257	0.10335195530726257	0.08100558659217877	0.3016759776536313
2AM9_1|Chain	0.37969924812030076	0.10902255639097744	0.14285714285714285	0.09774436090225563	0.2706766917293233
1S3B_1|Chains	0.4076923076923077	0.09230769230769231	0.14423076923076922	0.11923076923076924	0.23653846153846153
3L5D_1|Chains	0.37681159420289856	0.1111111111111111	0.10386473429951691	0.12318840579710146	0.28502415458937197
3D4Q_1|Chains	0.3778501628664495	0.08143322475570032	0.18566775244299674	0.09771986970684039	0.25732899022801303
1BCD_1|Chain	0.33976833976833976	0.10424710424710425	0.16602316602316602	0.12355212355212356	0.26640926640926643
2CNK_1|Chain	0.3333333333333333	0.06802721088435375	0.17006802721088435	0.14965986394557823	0.2789115646258503
2CNK_2|Chain	0.3300970873786408	0.1650485436893204	0.14563106796116504	0.11650485436893204	0.24271844660194175
2CNK_3|Chain	0.3333333333333333	0.0	0.0	0.6666666666666666	0.0
1H00_1|Chain	0.3959731543624161	0.10067114093959731	0.15771812080536912	0.11073825503355705	0.2348993288590604
3BWM_1|Chain	0.4252336448598131	0.07009345794392523	0.13551401869158877	0.14485981308411214	0.22429906542056074
1R9O_1|Chain	0.3584905660377358	0.09643605870020965	0.1530398322851153	0.1090146750524109	0.2830188679245283
3NXU_1|Chains	0.3670103092783505	0.10309278350515463	0.14845360824742268	0.1134020618556701	0.26804123711340205
3KRJ_1|Chain	0.3761194029850746	0.11343283582089553	0.1373134328358209	0.1044776119402985	0.26865671641791045
3ODU_1|Chains	0.4203187250996016	0.12350597609561753	0.1254980079681275	0.09760956175298804	0.23306772908366533
1LRU_1|Chains	0.43452380952380953	0.02976190476190476	0.17261904761904762	0.19047619047619047	0.17261904761904762
3FRJ_1|Chains	0.4405594405594406	0.07342657342657342	0.15034965034965034	0.08741258741258741	0.24825174825174826
2I78_1|Chains	0.32231404958677684	0.14738292011019283	0.1184573002754821	0.11432506887052342	0.2975206611570248
3PBL_1|Chains	0.4303534303534304	0.10810810810810811	0.11226611226611227	0.07484407484407485	0.27442827442827444
3NXO_1|Chain	0.3548387096774194	0.0967741935483871	0.15053763440860216	0.13440860215053763	0.26344086021505375
2RGP_1|Chain	0.40634920634920635	0.08571428571428572	0.1492063492063492	0.14603174603174604	0.2126984126984127
1SJ0_1|Chain	0.45161290322580644	0.06048387096774194	0.14112903225806453	0.11290322580645161	0.23387096774193547
2FSZ_1|Chains	0.4715447154471545	0.052845528455284556	0.13414634146341464	0.11382113821138211	0.22764227642276422
3KL6_1|Chain	0.35269709543568467	0.0995850622406639	0.16182572614107885	0.12448132780082988	0.26141078838174275
3KL6_2|Chain	0.2982456140350877	0.05263157894736842	0.14035087719298245	0.12280701754385964	0.38596491228070173
1W7X_1|Chain	0.41338582677165353	0.08267716535433071	0.12598425196850394	0.08661417322834646	0.29133858267716534
1W7X_2|Chain	0.2909090909090909	0.05454545454545454	0.14545454545454545	0.12727272727272726	0.38181818181818183
2NNQ_1|Chain	0.3816793893129771	0.07633587786259542	0.16030534351145037	0.15267175572519084	0.22900763358778625
3BZ3_1|Chain	0.3695652173913043	0.09782608695652174	0.14130434782608695	0.12318840579710146	0.26811594202898553
3C4F_1|Chains	0.38741721854304634	0.07947019867549669	0.15562913907284767	0.1423841059602649	0.23509933774834438
1J4H_1|Chain	0.3925233644859813	0.08411214953271028	0.1588785046728972	0.12149532710280374	0.24299065420560748
3E37_1|Chain	0.3245382585751979	0.10026385224274406	0.1345646437994723	0.16094986807387862	0.2796833773087071
3E37_2|Chain	0.38443935926773454	0.10297482837528604	0.11212814645308924	0.10983981693363844	0.2906178489702517
1ZW5_1|Chain	0.4	0.11267605633802817	0.12394366197183099	0.14084507042253522	0.22253521126760564
3BQD_1|Chain	0.3843137254901961	0.10196078431372549	0.11764705882352941	0.10196078431372549	0.29411764705882354
3BQD_2|Chain	0.38461538461538464	0.0	0.07692307692307693	0.07692307692307693	0.46153846153846156
2V3F_1|Chains	0.3782178217821782	0.11485148514851486	0.12277227722772277	0.09108910891089109	0.29306930693069305
3KGC_1|Chains	0.41064638783269963	0.09125475285171103	0.1520912547528517	0.12547528517110265	0.22053231939163498
1VSO_1|Chain	0.38910505836575876	0.09727626459143969	0.14007782101167315	0.1245136186770428	0.2490272373540856
3MAX_1|Chains	0.37057220708446864	0.12806539509536785	0.14713896457765668	0.11989100817438691	0.23433242506811988
3F07_1|Chains	0.4020618556701031	0.0979381443298969	0.13402061855670103	0.1211340206185567	0.24484536082474226
3NF7_1|Chains	0.41530054644808745	0.060109289617486336	0.16939890710382513	0.09836065573770492	0.2568306010928962
1XL2_1|Chains	0.494949494949495	0.050505050505050504	0.1111111111111111	0.08080808080808081	0.26262626262626265
3LAN_1|Chains	0.35	0.09642857142857143	0.15	0.12857142857142856	0.275
3CCW_1|Chains	0.4512471655328798	0.047619047619047616	0.1292517006802721	0.09297052154195011	0.2789115646258503
1UYG_1|Chain	0.3644067796610169	0.07627118644067797	0.1228813559322034	0.18220338983050846	0.2542372881355932
3F9M_1|Chain	0.39574468085106385	0.07234042553191489	0.15106382978723404	0.1595744680851064	0.22127659574468084
2OJ9_1|Chain	0.40390879478827363	0.09771986970684039	0.12052117263843648	0.1498371335504886	0.2280130293159609
2ICA_1|Chain	0.3551912568306011	0.11475409836065574	0.15846994535519127	0.14754098360655737	0.22404371584699453
3LPB_1|Chains	0.3389830508474576	0.1016949152542373	0.1694915254237288	0.1423728813559322	0.24745762711864408
3CJO_1|Chains	0.3678474114441417	0.05722070844686648	0.1553133514986376	0.1335149863760218	0.28610354223433243
3G0E_1|Chain	0.3869047619047619	0.1130952380952381	0.13392857142857142	0.1130952380952381	0.25297619047619047
2B8T_1|Chains	0.34977578475336324	0.1031390134529148	0.17488789237668162	0.12556053811659193	0.24663677130044842
2I0E_1|Chains	0.35694050991501414	0.11898016997167139	0.14730878186968838	0.1501416430594901	0.22662889518413598
2OF2_1|Chain	0.3837638376383764	0.11070110701107011	0.12915129151291513	0.14022140221402213	0.23616236162361623
3CHP_1|Chain	0.3540983606557377	0.10163934426229508	0.12950819672131147	0.12295081967213115	0.29180327868852457
3M2W_1|Chain	0.36454849498327757	0.0802675585284281	0.16722408026755853	0.12709030100334448	0.2608695652173913
2AA2_1|Chain	0.36	0.10545454545454545	0.12363636363636364	0.10181818181818182	0.3090909090909091
3LQ8_1|Chain	0.3973509933774834	0.09933774834437085	0.152317880794702	0.10596026490066225	0.24503311258278146
2OJG_1|Chain	0.3763157894736842	0.09210526315789473	0.16578947368421051	0.11842105263157894	0.24736842105263157
2ZDT_1|Chain	0.37637362637362637	0.09340659340659341	0.1510989010989011	0.12362637362637363	0.2554945054945055
2QD9_1|Chain	0.3797814207650273	0.09016393442622951	0.15027322404371585	0.1366120218579235	0.24316939890710382
830C_1|Chains	0.3392857142857143	0.1488095238095238	0.13095238095238096	0.13095238095238096	0.25
3EQH_1|Chain	0.4027777777777778	0.06944444444444445	0.14722222222222223	0.13055555555555556	0.25
1QW6_1|Chain	0.33095238095238094	0.11428571428571428	0.14761904761904762	0.12142857142857143	0.2857142857142857
1B9V_1|Chain	0.3641025641025641	0.09487179487179487	0.14871794871794872	0.12051282051282051	0.2717948717948718
1KVO_1|Chains	0.25	0.10483870967741936	0.21774193548387097	0.06451612903225806	0.3629032258064516
3L3M_1|Chain	0.38857142857142857	0.07714285714285714	0.15142857142857144	0.12285714285714286	0.26
1UDT_1|Chain	0.37037037037037035	0.08333333333333333	0.15123456790123457	0.12037037037037036	0.27469135802469136
2OYU_1|Chain	0.3566666666666667	0.125	0.13	0.1	0.28833333333333333
3LN1_1|Chains	0.3339011925042589	0.11754684838160136	0.13458262350936967	0.10732538330494037	0.30664395229982966
2OWB_1|Chain	0.382089552238806	0.08059701492537313	0.1791044776119403	0.10746268656716418	0.2507462686567164
3BGS_1|Chain	0.42214532871972316	0.09342560553633218	0.12802768166089964	0.10726643598615918	0.2491349480968858
2P54_1|Chain	0.4232209737827715	0.08239700374531835	0.14232209737827714	0.12359550561797752	0.22846441947565543
2P54_2|Chain	0.4166666666666667	0.0	0.4166666666666667	0.08333333333333333	0.08333333333333333
2ZNP_1|Chains	0.39492753623188404	0.09782608695652174	0.15217391304347827	0.10869565217391304	0.2463768115942029
2GTK_1|Chain	0.4022140221402214	0.08487084870848709	0.14022140221402213	0.13653136531365315	0.23616236162361623
2GTK_2|Chain	0.4	0.0	0.2	0.0	0.4
3KBA_1|Chains	0.4031620553359684	0.09090909090909091	0.1225296442687747	0.08695652173913043	0.2964426877470356
2AZR_1|Chain	0.3277591973244147	0.09698996655518395	0.1605351170568562	0.1505016722408027	0.26421404682274247
1NJS_1|Chains	0.44976076555023925	0.04784688995215311	0.14832535885167464	0.11004784688995216	0.24401913875598086
1C8K_1|Chain	0.3836104513064133	0.1021377672209026	0.15795724465558195	0.13539192399049882	0.2209026128266033
1D3G_1|Chain	0.4550408719346049	0.051771117166212535	0.1553133514986376	0.11444141689373297	0.22343324250681199
3G6Z_1|Chains	0.3841642228739003	0.11436950146627566	0.093841642228739	0.0967741935483871	0.31085043988269795
2ETR_1|Chains	0.35180722891566263	0.12289156626506025	0.14216867469879518	0.1614457831325301	0.2216867469879518
1MV9_1|Chain	0.4166666666666667	0.06666666666666667	0.1375	0.13333333333333333	0.24583333333333332
1MV9_2|Chain	0.3076923076923077	0.0	0.38461538461538464	0.07692307692307693	0.23076923076923078
1LI4_1|Chain	0.44675925925925924	0.07407407407407407	0.13194444444444445	0.12268518518518519	0.22453703703703703
3EL8_1|Chains	0.3916083916083916	0.10139860139860139	0.12937062937062938	0.13286713286713286	0.24475524475524477
3HMM_1|Chain	0.39933993399339934	0.0858085808580858	0.1716171617161716	0.12211221122112212	0.22112211221122113
1Q4X_1|Chain	0.3952569169960474	0.08300395256916997	0.1422924901185771	0.1422924901185771	0.23715415019762845
1YPE_1|Chain	0.2962962962962963	0.07407407407407407	0.18518518518518517	0.25925925925925924	0.18518518518518517
1YPE_2|Chain	0.36186770428015563	0.10894941634241245	0.16342412451361868	0.11673151750972763	0.2490272373540856
1YPE_3|Chain	0.2	0.2	0.0	0.5	0.1
2AYW_1|Chain	0.3901345291479821	0.07623318385650224	0.08520179372197309	0.04484304932735426	0.40358744394618834
2ZEC_1|Chains	0.39094650205761317	0.09465020576131687	0.13168724279835392	0.09876543209876543	0.2839506172839506
1SYN_1|Chains	0.35984848484848486	0.10984848484848485	0.13636363636363635	0.12878787878787878	0.26515151515151514
1SQT_1|Chain	0.33877551020408164	0.09795918367346938	0.14285714285714285	0.09387755102040816	0.32653061224489793
2P2I_1|Chains	0.37261146496815284	0.09872611464968153	0.18471337579617833	0.12738853503184713	0.21656050955414013
3BIZ_1|Chain	0.39372822299651566	0.07665505226480836	0.1602787456445993	0.13240418118466898	0.23693379790940766
3HL5_1|Chains	0.3263157894736842	0.14736842105263157	0.15789473684210525	0.11578947368421053	0.25263157894736843
