#	alphatic	aromatic	postivecharge	negativecharge	uncharge
p13	0.36007462686567165	0.09888059701492537	0.13432835820895522	0.11753731343283583	0.2891791044776119
p754	0.3669527896995708	0.09012875536480687	0.13304721030042918	0.1072961373390558	0.30257510729613735
p160	0.494949494949495	0.050505050505050504	0.1111111111111111	0.08080808080808081	0.26262626262626265
p225	0.47474747474747475	0.0707070707070707	0.09090909090909091	0.10101010101010101	0.26262626262626265
p978	0.5151515151515151	0.050505050505050504	0.12121212121212122	0.08080808080808081	0.23232323232323232
p176	0.4	0.0780701754385965	0.11403508771929824	0.1280701754385965	0.27982456140350875
p177	0.4024390243902439	0.08130081300813008	0.08536585365853659	0.056910569105691054	0.37398373983739835
p256	0.40145985401459855	0.072992700729927	0.145985401459854	0.1386861313868613	0.24087591240875914
p258	0.40540540540540543	0.07862407862407862	0.13513513513513514	0.14496314496314497	0.23587223587223588
p260	0.3801498127340824	0.07771535580524344	0.14840823970037453	0.1441947565543071	0.2495318352059925
p262	0.3789173789173789	0.07122507122507123	0.13105413105413105	0.16524216524216523	0.2535612535612536
p263	0.37606837606837606	0.07122507122507123	0.13105413105413105	0.16809116809116809	0.2535612535612536
p265	0.37606837606837606	0.07122507122507123	0.13105413105413105	0.16809116809116809	0.2535612535612536
p266	0.36755952380952384	0.09226190476190477	0.14583333333333334	0.15178571428571427	0.2425595238095238
p271	0.34656084656084657	0.07407407407407407	0.164021164021164	0.15343915343915343	0.2619047619047619
p272	0.3439153439153439	0.07407407407407407	0.164021164021164	0.15608465608465608	0.2619047619047619
p278	0.3439153439153439	0.07407407407407407	0.164021164021164	0.15608465608465608	0.2619047619047619
p267	0.4053333333333333	0.08533333333333333	0.12266666666666666	0.12533333333333332	0.2613333333333333
p280	0.4053333333333333	0.08533333333333333	0.12266666666666666	0.12533333333333332	0.2613333333333333
p286	0.4053333333333333	0.08533333333333333	0.12266666666666666	0.12533333333333332	0.2613333333333333
p291	0.3037716615698267	0.10091743119266056	0.13557594291539246	0.15494393476044852	0.30479102956167176
p1233	0.4008714596949891	0.05664488017429194	0.10021786492374728	0.14814814814814814	0.29411764705882354
p287	0.4	0.07179487179487179	0.14358974358974358	0.12307692307692308	0.26153846153846155
p162	0.494949494949495	0.050505050505050504	0.1111111111111111	0.08080808080808081	0.26262626262626265
p1072	0.3249097472924188	0.09747292418772563	0.1588447653429603	0.1444043321299639	0.2743682310469314
p104	0.3589108910891089	0.06683168316831684	0.13613861386138615	0.13613861386138615	0.30198019801980197
p106	0.32625994694960214	0.08222811671087533	0.15649867374005305	0.15384615384615385	0.28116710875331563
p118	0.3234323432343234	0.0924092409240924	0.1551155115511551	0.15181518151815182	0.27722772277227725
p120	0.34812286689419797	0.10238907849829351	0.16723549488054607	0.13651877133105803	0.24573378839590443
p124	0.325678496868476	0.081419624217119	0.13987473903966596	0.16701461377870563	0.2860125260960334
p129	0.37610619469026546	0.06858407079646017	0.15265486725663716	0.12389380530973451	0.27876106194690264
p223	0.494949494949495	0.050505050505050504	0.1111111111111111	0.08080808080808081	0.26262626262626265
p167	0.494949494949495	0.050505050505050504	0.1111111111111111	0.08080808080808081	0.26262626262626265
p168	0.494949494949495	0.050505050505050504	0.1111111111111111	0.08080808080808081	0.26262626262626265
p169	0.494949494949495	0.050505050505050504	0.1111111111111111	0.08080808080808081	0.26262626262626265
p170	0.494949494949495	0.050505050505050504	0.1111111111111111	0.08080808080808081	0.26262626262626265
p171	0.494949494949495	0.050505050505050504	0.1111111111111111	0.08080808080808081	0.26262626262626265
p172	0.494949494949495	0.050505050505050504	0.1111111111111111	0.08080808080808081	0.26262626262626265
p173	0.494949494949495	0.050505050505050504	0.1111111111111111	0.08080808080808081	0.26262626262626265
p174	0.494949494949495	0.050505050505050504	0.1111111111111111	0.08080808080808081	0.26262626262626265
p180	0.5151515151515151	0.050505050505050504	0.12121212121212122	0.0707070707070707	0.24242424242424243
p181	0.494949494949495	0.050505050505050504	0.1111111111111111	0.08080808080808081	0.26262626262626265
p182	0.494949494949495	0.050505050505050504	0.1111111111111111	0.08080808080808081	0.26262626262626265
p183	0.494949494949495	0.050505050505050504	0.1111111111111111	0.0707070707070707	0.2727272727272727
p184	0.494949494949495	0.050505050505050504	0.1111111111111111	0.0707070707070707	0.2727272727272727
p185	0.494949494949495	0.050505050505050504	0.1111111111111111	0.08080808080808081	0.26262626262626265
p186	0.494949494949495	0.050505050505050504	0.1111111111111111	0.0707070707070707	0.2727272727272727
p202	0.48484848484848486	0.050505050505050504	0.1111111111111111	0.08080808080808081	0.2727272727272727
p206	0.494949494949495	0.050505050505050504	0.12121212121212122	0.08080808080808081	0.25252525252525254
p208	0.494949494949495	0.050505050505050504	0.12121212121212122	0.08080808080808081	0.25252525252525254
p284	0.3489208633093525	0.09712230215827339	0.14928057553956833	0.12769784172661872	0.27697841726618705
p301	0.3489208633093525	0.09532374100719425	0.14928057553956833	0.12769784172661872	0.2787769784172662
p311	0.35071942446043164	0.09532374100719425	0.14928057553956833	0.12769784172661872	0.27697841726618705
p314	0.3489208633093525	0.09712230215827339	0.1474820143884892	0.12769784172661872	0.2787769784172662
p317	0.3489208633093525	0.09712230215827339	0.14928057553956833	0.12769784172661872	0.27697841726618705
p320	0.3489208633093525	0.09712230215827339	0.14928057553956833	0.12769784172661872	0.27697841726618705
p323	0.35071942446043164	0.09712230215827339	0.14928057553956833	0.12769784172661872	0.2751798561151079
p407	0.35855855855855856	0.0918918918918919	0.15675675675675677	0.13873873873873874	0.25405405405405407
p427	0.3293591654247392	0.10730253353204174	0.16393442622950818	0.14157973174366617	0.2578241430700447
p448	0.358974358974359	0.1282051282051282	0.16524216524216523	0.1282051282051282	0.21937321937321938
p459	0.35327635327635326	0.1282051282051282	0.16809116809116809	0.13105413105413105	0.21937321937321938
p469	0.33694866232827186	0.09472161966738973	0.13304410701373826	0.1301518438177874	0.3051337671728127
p520	0.35702479338842974	0.07024793388429752	0.12975206611570247	0.1140495867768595	0.32892561983471075
p522	0.3512064343163539	0.07104557640750671	0.1487935656836461	0.10455764075067024	0.32439678284182305
p531	0.33482142857142855	0.10416666666666667	0.16517857142857142	0.13988095238095238	0.25595238095238093
p804	0.3838383838383838	0.09764309764309764	0.15824915824915825	0.12457912457912458	0.2356902356902357
p566	0.3621460506706408	0.09538002980625931	0.15797317436661698	0.15499254843517138	0.22950819672131148
p575	0.3752260397830018	0.07866184448462929	0.10940325497287523	0.13743218806509946	0.29927667269439423
p694	0.3613138686131387	0.07542579075425791	0.13503649635036497	0.12773722627737227	0.3004866180048662
p599	0.33482142857142855	0.10416666666666667	0.1636904761904762	0.13839285714285715	0.25892857142857145
p602	0.3500717360114778	0.10473457675753228	0.15064562410329985	0.11908177905308465	0.27546628407460544
p603	0.34615384615384615	0.11094674556213018	0.16420118343195267	0.13165680473372782	0.2470414201183432
p605	0.3601756954612006	0.09663250366032211	0.15666178623718888	0.11273792093704246	0.27379209370424595
p646	0.35551330798479086	0.09315589353612168	0.13878326996197718	0.11596958174904944	0.2965779467680608
p651	0.41397849462365593	0.053763440860215055	0.12903225806451613	0.05913978494623656	0.34408602150537637
p188	0.37609561752988047	0.06772908366533864	0.11553784860557768	0.11314741035856574	0.32749003984063746
p690	0.3415545590433483	0.08594917787742899	0.14872944693572496	0.11285500747384156	0.3109118086696562
p692	0.3635693215339233	0.07964601769911504	0.1261061946902655	0.12684365781710916	0.30383480825958703
p698	0.494949494949495	0.050505050505050504	0.1111111111111111	0.08080808080808081	0.26262626262626265
p702	0.47474747474747475	0.050505050505050504	0.1111111111111111	0.08080808080808081	0.2828282828282828
p704	0.32127659574468087	0.09148936170212765	0.11063829787234042	0.1	0.37659574468085105
p359	0.3555327868852459	0.1014344262295082	0.13114754098360656	0.11372950819672131	0.29815573770491804
p751	0.3326226012793177	0.08528784648187633	0.11087420042643924	0.1044776119402985	0.36673773987206826
p752	0.36774193548387096	0.09247311827956989	0.13333333333333333	0.10967741935483871	0.2967741935483871
p756	0.3699421965317919	0.06358381502890173	0.1416184971098266	0.06647398843930635	0.3583815028901734
p759	0.37479806138933763	0.09369951534733441	0.15347334410339256	0.12439418416801293	0.25363489499192243
p763	0.3716535433070866	0.10078740157480315	0.15590551181102363	0.11811023622047244	0.25354330708661416
p52	0.31797235023041476	0.1336405529953917	0.15668202764976957	0.14746543778801843	0.24423963133640553
p772	0.3368869936034115	0.08315565031982942	0.11727078891257996	0.1023454157782516	0.3603411513859275
p773	0.3581267217630854	0.09090909090909091	0.12396694214876033	0.07713498622589532	0.349862258953168
p778	0.3720430107526882	0.09247311827956989	0.13118279569892474	0.11182795698924732	0.2924731182795699
p796	0.3959731543624161	0.10067114093959731	0.15771812080536912	0.11073825503355705	0.2348993288590604
p799	0.41254125412541254	0.08250825082508251	0.1419141914191419	0.1188118811881188	0.24422442244224424
p808	0.37455516014234874	0.08185053380782918	0.13256227758007116	0.11298932384341637	0.29804270462633453
p856	0.3654080389768575	0.08404384896467722	0.12911084043848964	0.12911084043848964	0.292326431181486
p858	0.3451519536903039	0.09406657018813314	0.1345875542691751	0.12735166425470332	0.2988422575976845
p507	0.34970530451866405	0.10216110019646366	0.12573673870333987	0.137524557956778	0.28487229862475444
p920	0.3723849372384937	0.08577405857740586	0.16736401673640167	0.13179916317991633	0.24267782426778242
p922	0.3694915254237288	0.0576271186440678	0.12542372881355932	0.14915254237288136	0.2983050847457627
p941	0.3542168674698795	0.0891566265060241	0.1855421686746988	0.10602409638554217	0.26506024096385544
p943	0.3770949720670391	0.09776536312849161	0.15363128491620112	0.12569832402234637	0.24581005586592178
p969	0.3595890410958904	0.0958904109589041	0.15753424657534246	0.13013698630136986	0.2568493150684932
p947	0.3523809523809524	0.09047619047619047	0.1357142857142857	0.09761904761904762	0.3238095238095238
p949	0.3464203233256351	0.09006928406466513	0.13625866050808313	0.09699769053117784	0.3302540415704388
p909	0.37423312883435583	0.08282208588957055	0.15030674846625766	0.13803680981595093	0.254601226993865
p951	0.3517915309446254	0.0749185667752443	0.14332247557003258	0.0749185667752443	0.3550488599348534
p986	0.3850415512465374	0.09695290858725762	0.1329639889196676	0.10526315789473684	0.27977839335180055
p987	0.3729281767955801	0.09392265193370165	0.143646408839779	0.10773480662983426	0.281767955801105
p989	0.3554083885209713	0.12582781456953643	0.11699779249448124	0.11920529801324503	0.282560706401766
p990	0.3495575221238938	0.1415929203539823	0.12168141592920353	0.10619469026548672	0.2809734513274336
p1673	0.42475728155339804	0.08980582524271845	0.09951456310679611	0.09223300970873786	0.2936893203883495
p994	0.34055727554179566	0.09597523219814241	0.1609907120743034	0.1393188854489164	0.2631578947368421
p996	0.2988980716253444	0.05922865013774105	0.16666666666666666	0.10055096418732783	0.3746556473829201
p1001	0.3657289002557545	0.10485933503836317	0.16624040920716113	0.12531969309462915	0.23785166240409208
p1003	0.35	0.09047619047619047	0.1357142857142857	0.09761904761904762	0.3261904761904762
p998	0.5151515151515151	0.050505050505050504	0.12121212121212122	0.08080808080808081	0.23232323232323232
p1008	0.5151515151515151	0.050505050505050504	0.12121212121212122	0.08080808080808081	0.23232323232323232
p1010	0.5151515151515151	0.050505050505050504	0.12121212121212122	0.08080808080808081	0.23232323232323232
p1012	0.5151515151515151	0.050505050505050504	0.12121212121212122	0.08080808080808081	0.23232323232323232
p1024	0.4115308151093439	0.09741550695825049	0.14314115308151093	0.1172962226640159	0.23061630218687873
p1026	0.453125	0.0703125	0.12890625	0.12890625	0.21875
p1028	0.49236641221374045	0.07633587786259542	0.11068702290076336	0.11068702290076336	0.2099236641221374
p1029	0.5216049382716049	0.05246913580246913	0.12654320987654322	0.13580246913580246	0.16358024691358025
p1039	0.3956692913385827	0.08267716535433071	0.14566929133858267	0.1062992125984252	0.26968503937007876
p254	0.3538205980066445	0.12956810631229235	0.11794019933554817	0.10465116279069768	0.29401993355481726
p1043	0.4006514657980456	0.11237785016286644	0.10912052117263844	0.10097719869706841	0.2768729641693811
p1045	0.41435562805872755	0.11092985318107668	0.10766721044045677	0.10277324632952692	0.2642740619902121
p481	0.494949494949495	0.050505050505050504	0.12121212121212122	0.08080808080808081	0.25252525252525254
p1055	0.47474747474747475	0.06060606060606061	0.12121212121212122	0.09090909090909091	0.25252525252525254
p1059	0.48484848484848486	0.050505050505050504	0.12121212121212122	0.08080808080808081	0.26262626262626265
p1064	0.40390879478827363	0.11400651465798045	0.10912052117263844	0.10097719869706841	0.2719869706840391
p1066	0.4197940883427433	0.08468947193623381	0.11491198937230156	0.07771504483560279	0.30288940551311855
p1091	0.3489208633093525	0.09532374100719425	0.1474820143884892	0.12769784172661872	0.2805755395683453
p1120	0.37259615384615385	0.07451923076923077	0.13221153846153846	0.12980769230769232	0.29086538461538464
p236	0.37372013651877134	0.11945392491467577	0.11092150170648464	0.10580204778156997	0.2901023890784983
p1178	0.36923076923076925	0.12	0.16923076923076924	0.09538461538461539	0.24615384615384617
p1179	0.38799076212471134	0.11316397228637413	0.09237875288683603	0.10392609699769054	0.302540415704388
p1180	0.34875846501128666	0.05756207674943566	0.12076749435665914	0.13769751693002258	0.33521444695259595
p1181	0.3562231759656652	0.12017167381974249	0.10515021459227468	0.09656652360515021	0.3218884120171674
p1182	0.38799076212471134	0.11316397228637413	0.09237875288683603	0.10392609699769054	0.302540415704388
p1183	0.3903002309468822	0.11316397228637413	0.09237875288683603	0.10161662817551963	0.302540415704388
p1184	0.3903002309468822	0.11316397228637413	0.09237875288683603	0.10161662817551963	0.302540415704388
p1185	0.3903002309468822	0.11316397228637413	0.09237875288683603	0.10161662817551963	0.302540415704388
p1186	0.38799076212471134	0.11316397228637413	0.09237875288683603	0.10392609699769054	0.302540415704388
p1187	0.3903002309468822	0.11316397228637413	0.09237875288683603	0.10161662817551963	0.302540415704388
p1188	0.38799076212471134	0.11316397228637413	0.09237875288683603	0.10392609699769054	0.302540415704388
p1189	0.3903002309468822	0.11316397228637413	0.09237875288683603	0.10392609699769054	0.3002309468822171
p1190	0.38799076212471134	0.11316397228637413	0.09237875288683603	0.10392609699769054	0.302540415704388
p1191	0.39478957915831664	0.13226452905811623	0.09819639278557114	0.09218436873747494	0.28256513026052105
p1192	0.32567049808429116	0.09578544061302682	0.13793103448275862	0.10344827586206896	0.3371647509578544
p1193	0.3423076923076923	0.10384615384615385	0.16538461538461538	0.12307692307692308	0.2653846153846154
p1216	0.3211009174311927	0.07601572739187418	0.16644823066841416	0.09174311926605505	0.34469200524246396
p384	0.3946869070208729	0.10246679316888045	0.14800759013282733	0.11954459203036052	0.23529411764705882
p385	0.4076923076923077	0.09230769230769231	0.14423076923076922	0.11923076923076924	0.23653846153846153
p1226	0.4107142857142857	0.09126984126984126	0.1488095238095238	0.1130952380952381	0.2361111111111111
p1238	0.40576923076923077	0.09423076923076923	0.14423076923076922	0.11923076923076924	0.23653846153846153
p1234	0.3368146214099217	0.1409921671018277	0.11618798955613577	0.1122715404699739	0.293733681462141
p1236	0.3507795100222717	0.11692650334075724	0.13919821826280623	0.13919821826280623	0.25389755011135856
p1237	0.3464658169177289	0.11819235225955968	0.14020857473928158	0.12166859791425261	0.2734646581691773
p1243	0.3614457831325301	0.11746987951807229	0.18373493975903615	0.13855421686746988	0.19879518072289157
p111	0.32196162046908317	0.14072494669509594	0.14925373134328357	0.12366737739872068	0.26439232409381663
p112	0.3378787878787879	0.1393939393939394	0.12272727272727273	0.1318181818181818	0.2681818181818182
p1250	0.3233404710920771	0.14775160599571735	0.11991434689507495	0.10492505353319058	0.30406852248394006
p1258	0.3291592128801431	0.11449016100178891	0.1413237924865832	0.14221824686940965	0.27280858676207514
p1247	0.3814102564102564	0.08012820512820513	0.14423076923076922	0.10897435897435898	0.28525641025641024
p1260	0.3375796178343949	0.1337579617834395	0.14012738853503184	0.14437367303609341	0.24416135881104034
p1262	0.3302872062663185	0.1422976501305483	0.1174934725848564	0.1122715404699739	0.29765013054830286
p1264	0.3350717079530639	0.13298565840938723	0.12385919165580182	0.11342894393741851	0.29465449804432853
p513	0.3333333333333333	0.10833333333333334	0.16458333333333333	0.16041666666666668	0.23333333333333334
p114	0.33962264150943394	0.11949685534591195	0.14465408805031446	0.13836477987421383	0.2578616352201258
p1277	0.3436293436293436	0.10038610038610038	0.16602316602316602	0.12355212355212356	0.26640926640926643
p797	0.39080459770114945	0.09961685823754789	0.13409961685823754	0.1111111111111111	0.26436781609195403
p1325	0.3200992555831266	0.07196029776674938	0.17369727047146402	0.10421836228287841	0.33002481389578164
p1341	0.32172131147540983	0.08401639344262295	0.14549180327868852	0.14549180327868852	0.30327868852459017
p334	0.33762057877813506	0.09003215434083602	0.1382636655948553	0.1382636655948553	0.2958199356913183
p336	0.3275862068965517	0.10188087774294671	0.13009404388714735	0.08307210031347963	0.3573667711598746
p1345	0.33405639913232105	0.09544468546637744	0.12581344902386118	0.13449023861171366	0.31019522776572667
p1346	0.37339055793991416	0.07510729613733906	0.13948497854077252	0.10944206008583691	0.30257510729613735
p1348	0.48484848484848486	0.050505050505050504	0.12121212121212122	0.08080808080808081	0.26262626262626265
p1350	0.48484848484848486	0.050505050505050504	0.12121212121212122	0.08080808080808081	0.26262626262626265
p1352	0.48484848484848486	0.050505050505050504	0.12121212121212122	0.08080808080808081	0.26262626262626265
p1354	0.47474747474747475	0.050505050505050504	0.12121212121212122	0.08080808080808081	0.2727272727272727
p1357	0.3216	0.0976	0.1472	0.0944	0.3392
p1359	0.4219858156028369	0.08156028368794327	0.11702127659574468	0.11347517730496454	0.26595744680851063
p1361	0.32954545454545453	0.10606060606060606	0.15151515151515152	0.10227272727272728	0.3106060606060606
p1363	0.3757062146892655	0.09322033898305085	0.12429378531073447	0.08757062146892655	0.3192090395480226
p1365	0.3798219584569733	0.09198813056379822	0.11869436201780416	0.10089020771513353	0.3086053412462908
p1377	0.33156498673740054	0.09814323607427056	0.129973474801061	0.16710875331564987	0.27320954907161804
p1383	0.3245382585751979	0.10026385224274406	0.1345646437994723	0.16094986807387862	0.2796833773087071
p1384	0.32550335570469796	0.09731543624161074	0.1610738255033557	0.15100671140939598	0.2651006711409396
p1385	0.36666666666666664	0.12	0.14	0.13333333333333333	0.24
p1386	0.36666666666666664	0.12	0.14333333333333334	0.13333333333333333	0.23666666666666666
p1387	0.36666666666666664	0.12	0.14	0.13333333333333333	0.24
p1388	0.36666666666666664	0.12	0.14333333333333334	0.13	0.24
p1389	0.36333333333333334	0.12	0.14	0.13333333333333333	0.24333333333333335
p1390	0.37	0.11666666666666667	0.14	0.13333333333333333	0.24
p1391	0.36666666666666664	0.12	0.13666666666666666	0.13333333333333333	0.24333333333333335
p1392	0.37	0.12	0.14	0.13333333333333333	0.23666666666666666
p1393	0.36666666666666664	0.12	0.14	0.13333333333333333	0.24
p1394	0.3555327868852459	0.1014344262295082	0.13217213114754098	0.11372950819672131	0.29713114754098363
p1395	0.35450819672131145	0.1014344262295082	0.13114754098360656	0.11475409836065574	0.29815573770491804
p1396	0.3555327868852459	0.1014344262295082	0.13114754098360656	0.11475409836065574	0.29713114754098363
p1405	0.32407407407407407	0.08333333333333333	0.1597222222222222	0.15046296296296297	0.2824074074074074
p1412	0.3193548387096774	0.1	0.16129032258064516	0.16451612903225807	0.25483870967741934
p1413	0.3180722891566265	0.0963855421686747	0.16626506024096385	0.13012048192771083	0.2891566265060241
p1414	0.32550335570469796	0.09731543624161074	0.1610738255033557	0.15100671140939598	0.2651006711409396
p1415	0.32550335570469796	0.09731543624161074	0.1610738255033557	0.15100671140939598	0.2651006711409396
p1416	0.32550335570469796	0.09731543624161074	0.1610738255033557	0.15100671140939598	0.2651006711409396
p1417	0.3221476510067114	0.09731543624161074	0.1610738255033557	0.15436241610738255	0.2651006711409396
p1423	0.47474747474747475	0.06060606060606061	0.1111111111111111	0.08080808080808081	0.2727272727272727
p1427	0.47474747474747475	0.06060606060606061	0.1111111111111111	0.08080808080808081	0.2727272727272727
p1429	0.47474747474747475	0.06060606060606061	0.1111111111111111	0.08080808080808081	0.2727272727272727
p1433	0.47474747474747475	0.06060606060606061	0.1111111111111111	0.08080808080808081	0.2727272727272727
p1435	0.47474747474747475	0.06060606060606061	0.1111111111111111	0.08080808080808081	0.2727272727272727
p1439	0.48484848484848486	0.06060606060606061	0.1111111111111111	0.08080808080808081	0.26262626262626265
p1441	0.494949494949495	0.050505050505050504	0.1111111111111111	0.08080808080808081	0.26262626262626265
p1443	0.48484848484848486	0.06060606060606061	0.1111111111111111	0.08080808080808081	0.26262626262626265
p1445	0.47474747474747475	0.06060606060606061	0.12121212121212122	0.08080808080808081	0.26262626262626265
p1447	0.48484848484848486	0.050505050505050504	0.12121212121212122	0.08080808080808081	0.26262626262626265
p1452	0.5151515151515151	0.050505050505050504	0.12121212121212122	0.08080808080808081	0.23232323232323232
p1456	0.5050505050505051	0.050505050505050504	0.12121212121212122	0.08080808080808081	0.24242424242424243
p1495	0.358974358974359	0.1282051282051282	0.16524216524216523	0.1282051282051282	0.21937321937321938
p1496	0.358974358974359	0.1282051282051282	0.16524216524216523	0.1282051282051282	0.21937321937321938
p1497	0.36182336182336183	0.1282051282051282	0.16524216524216523	0.1282051282051282	0.21652421652421652
p1498	0.358974358974359	0.1282051282051282	0.16524216524216523	0.1282051282051282	0.21937321937321938
p1499	0.36182336182336183	0.1282051282051282	0.16524216524216523	0.1282051282051282	0.21652421652421652
p1500	0.36182336182336183	0.1282051282051282	0.16809116809116809	0.1282051282051282	0.21367521367521367
p1501	0.36182336182336183	0.1282051282051282	0.16524216524216523	0.1282051282051282	0.21652421652421652
p1502	0.36182336182336183	0.1282051282051282	0.16809116809116809	0.1282051282051282	0.21367521367521367
p1503	0.36182336182336183	0.1282051282051282	0.16809116809116809	0.1282051282051282	0.21367521367521367
p1504	0.36182336182336183	0.1282051282051282	0.16809116809116809	0.1282051282051282	0.21367521367521367
p1505	0.36182336182336183	0.1282051282051282	0.16809116809116809	0.1282051282051282	0.21367521367521367
p1506	0.3177233429394813	0.05763688760806916	0.17723342939481268	0.17723342939481268	0.27017291066282423
p1494	0.3561253561253561	0.1282051282051282	0.16524216524216523	0.1282051282051282	0.2222222222222222
p1516	0.2814814814814815	0.08641975308641975	0.1419753086419753	0.11358024691358025	0.3765432098765432
p1517	0.3202846975088968	0.09786476868327403	0.14056939501779359	0.099644128113879	0.3416370106761566
p1526	0.3265822784810127	0.07341772151898734	0.17468354430379746	0.10886075949367088	0.31645569620253167
p1529	0.4048582995951417	0.08097165991902834	0.09716599190283401	0.08906882591093117	0.32793522267206476
p362	0.31929347826086957	0.06657608695652174	0.13043478260869565	0.14673913043478262	0.33695652173913043
p1540	0.367816091954023	0.06896551724137931	0.1724137931034483	0.10344827586206896	0.28735632183908044
p1551	0.35177865612648224	0.09486166007905138	0.1422924901185771	0.09881422924901186	0.31225296442687744
p1553	0.42685851318944845	0.07913669064748201	0.11270983213429256	0.08872901678657075	0.29256594724220625
p1558	0.3055555555555556	0.1111111111111111	0.17592592592592593	0.10185185185185185	0.3055555555555556
p1641	0.335676625659051	0.11247803163444639	0.1616871704745167	0.11247803163444639	0.27768014059753954
p1568	0.35357917570498915	0.0824295010845987	0.15184381778741865	0.13882863340563992	0.27331887201735355
p1569	0.3690176322418136	0.09193954659949623	0.1385390428211587	0.12216624685138538	0.2783375314861461
p1571	0.34802158273381295	0.08453237410071943	0.125	0.12320143884892086	0.3192446043165468
p1572	0.3414179104477612	0.08022388059701492	0.13992537313432835	0.14738805970149255	0.291044776119403
p1573	0.35054347826086957	0.10326086956521739	0.15489130434782608	0.13858695652173914	0.25271739130434784
p1574	0.34942528735632183	0.09195402298850575	0.12873563218390804	0.1632183908045977	0.26666666666666666
p1575	0.35175879396984927	0.07537688442211055	0.1407035175879397	0.15829145728643215	0.27386934673366836
p1576	0.37249283667621774	0.06876790830945559	0.1489971346704871	0.14326647564469913	0.2664756446991404
p1577	0.3710144927536232	0.0782608695652174	0.15072463768115943	0.12753623188405797	0.27246376811594203
p1579	0.36308805790108567	0.06875753920386007	0.14234016887816647	0.13630880579010857	0.28950542822677927
p1580	0.328804347826087	0.09782608695652174	0.14673913043478262	0.15489130434782608	0.2717391304347826
p1581	0.35344827586206895	0.10057471264367816	0.13505747126436782	0.11494252873563218	0.2959770114942529
p1592	0.3561253561253561	0.1282051282051282	0.16809116809116809	0.1282051282051282	0.21937321937321938
p1595	0.38333333333333336	0.09166666666666666	0.14166666666666666	0.1388888888888889	0.24444444444444444
p1601	0.4015748031496063	0.1062992125984252	0.12992125984251968	0.12992125984251968	0.23228346456692914
p1610	0.3567251461988304	0.11403508771929824	0.1695906432748538	0.15789473684210525	0.20175438596491227
p527	0.34303534303534305	0.10810810810810811	0.1600831600831601	0.15176715176715178	0.23700623700623702
p1612	0.31941544885177453	0.11064718162839249	0.1649269311064718	0.162839248434238	0.24217118997912318
p375	0.32044198895027626	0.08839779005524862	0.15469613259668508	0.1505524861878453	0.28591160220994477
p1632	0.3168044077134986	0.07851239669421488	0.12672176308539945	0.15426997245179064	0.3236914600550964
p1634	0.3523809523809524	0.09523809523809523	0.12857142857142856	0.15714285714285714	0.26666666666666666
p1635	0.36809815950920244	0.08282208588957055	0.15030674846625766	0.12576687116564417	0.27300613496932513
p1636	0.3492433061699651	0.0779976717112922	0.1420256111757858	0.13853317811408614	0.29220023282887075
p1639	0.34894613583138173	0.07845433255269321	0.14285714285714285	0.13934426229508196	0.2903981264637002
p1642	0.4550408719346049	0.051771117166212535	0.1553133514986376	0.11444141689373297	0.22343324250681199
p1645	0.3356353591160221	0.07458563535911603	0.16574585635359115	0.20303867403314918	0.22099447513812154
p1646	0.3342736248236953	0.08180535966149506	0.152327221438646	0.2002820874471086	0.231311706629055
p1653	0.3642241379310345	0.08836206896551724	0.13793103448275862	0.1206896551724138	0.28879310344827586
p1654	0.5130111524163569	0.06319702602230483	0.10037174721189591	0.09665427509293681	0.22676579925650558
p1662	0.3747072599531616	0.07962529274004684	0.14285714285714285	0.12412177985948478	0.2786885245901639
p1663	0.3608490566037736	0.08254716981132075	0.1320754716981132	0.13679245283018868	0.28773584905660377
p1671	0.40176600441501104	0.10596026490066225	0.10375275938189846	0.11258278145695365	0.27593818984547464
p1686	0.35	0.09642857142857143	0.15178571428571427	0.12678571428571428	0.275
p1702	0.35	0.09464285714285714	0.15178571428571427	0.12678571428571428	0.2767857142857143
p1705	0.35	0.09642857142857143	0.15	0.12678571428571428	0.2767857142857143
p339	0.4362934362934363	0.10424710424710425	0.07722007722007722	0.09073359073359073	0.2915057915057915
p1712	0.38917525773195877	0.11855670103092783	0.10051546391752578	0.11082474226804123	0.2809278350515464
p1713	0.46582278481012657	0.053164556962025315	0.14177215189873418	0.10632911392405063	0.23291139240506328
p1714	0.4550408719346049	0.04904632152588556	0.14168937329700274	0.11171662125340599	0.24250681198910082
p1718	0.41044776119402987	0.08208955223880597	0.12313432835820895	0.09328358208955224	0.291044776119403
p1719	0.3967611336032389	0.08097165991902834	0.15384615384615385	0.0728744939271255	0.29554655870445345
p1726	0.3746031746031746	0.08888888888888889	0.14285714285714285	0.12063492063492064	0.273015873015873
p1727	0.3746031746031746	0.08888888888888889	0.14285714285714285	0.12063492063492064	0.273015873015873
p1729	0.39384615384615385	0.08923076923076922	0.13846153846153847	0.12	0.25846153846153846
p1730	0.3611940298507463	0.11044776119402985	0.11044776119402985	0.1044776119402985	0.31343283582089554
p1733	0.3901098901098901	0.08516483516483517	0.13736263736263737	0.13736263736263737	0.25
p1744	0.3327338129496403	0.10071942446043165	0.14928057553956833	0.12410071942446044	0.2931654676258993
p1746	0.3277591973244147	0.10367892976588629	0.1605351170568562	0.10702341137123746	0.3010033444816054
p1748	0.35755813953488375	0.09011627906976744	0.1569767441860465	0.09593023255813954	0.29941860465116277
p1749	0.3697478991596639	0.08403361344537816	0.16246498599439776	0.09243697478991597	0.2913165266106443
p1750	0.36609336609336607	0.07616707616707617	0.1547911547911548	0.09828009828009827	0.3046683046683047
p1771	0.39690721649484534	0.10824742268041238	0.04639175257731959	0.10051546391752578	0.3479381443298969
p465	0.35275080906148865	0.11003236245954692	0.1650485436893204	0.13268608414239483	0.23948220064724918
p1787	0.35275080906148865	0.11003236245954692	0.1650485436893204	0.13268608414239483	0.23948220064724918
p1789	0.3153526970954357	0.08713692946058091	0.13900414937759337	0.15145228215767634	0.3070539419087137
p1799	0.35294117647058826	0.09287925696594428	0.16408668730650156	0.12693498452012383	0.2631578947368421
p1802	0.3546511627906977	0.09883720930232558	0.13953488372093023	0.12790697674418605	0.27906976744186046
p1803	0.33707865168539325	0.14606741573033707	0.1348314606741573	0.11235955056179775	0.2696629213483146
p1804	0.3258426966292135	0.15730337078651685	0.12359550561797752	0.10112359550561797	0.29213483146067415
p1805	0.35564853556485354	0.06276150627615062	0.16736401673640167	0.1694560669456067	0.24476987447698745
p1808	0.35751295336787564	0.08290155440414508	0.15544041450777202	0.11917098445595854	0.2849740932642487
p1810	0.3606789250353607	0.12588401697312587	0.13012729844413012	0.11598302687411598	0.26732673267326734
p1846	0.3277693474962064	0.10925644916540213	0.15477996965098634	0.12898330804248861	0.27921092564491656
p1851	0.39039039039039036	0.1111111111111111	0.13513513513513514	0.1021021021021021	0.26126126126126126
p1861	0.3817733990147783	0.11330049261083744	0.10837438423645321	0.0960591133004926	0.30049261083743845
p1865	0.42045454545454547	0.056818181818181816	0.15151515151515152	0.14772727272727273	0.22348484848484848
p1866	0.40476190476190477	0.05952380952380952	0.13095238095238096	0.14682539682539683	0.25793650793650796
p1871	0.3974025974025974	0.1012987012987013	0.046753246753246755	0.11688311688311688	0.33766233766233766
p1875	0.3582887700534759	0.0962566844919786	0.1497326203208556	0.13368983957219252	0.2620320855614973
p1876	0.389937106918239	0.09433962264150944	0.12578616352201258	0.15723270440251572	0.23270440251572327
p1877	0.35185185185185186	0.13580246913580246	0.14814814814814814	0.15432098765432098	0.20987654320987653
p1880	0.4143646408839779	0.0718232044198895	0.14917127071823205	0.1270718232044199	0.23756906077348067
p1883	0.36477987421383645	0.10062893081761007	0.15723270440251572	0.13836477987421383	0.2389937106918239
p1885	0.34951456310679613	0.11650485436893204	0.16990291262135923	0.11650485436893204	0.24757281553398058
p1887	0.36477987421383645	0.10062893081761007	0.15723270440251572	0.13836477987421383	0.2389937106918239
p1774	0.3208020050125313	0.07268170426065163	0.12155388471177944	0.13157894736842105	0.3533834586466165
p369	0.4	0.07226890756302522	0.14453781512605043	0.10084033613445378	0.2823529411764706
p370	0.36792452830188677	0.062264150943396226	0.15660377358490565	0.09433962264150944	0.31886792452830187
p365	0.4344262295081967	0.13729508196721313	0.125	0.07172131147540983	0.23155737704918034
p356	0.4124748490945674	0.0925553319919517	0.13480885311871227	0.10663983903420524	0.2535211267605634
p508	0.4225941422594142	0.1087866108786611	0.12552301255230125	0.09205020920502092	0.2510460251046025
p239	0.375609756097561	0.07735191637630662	0.15191637630662022	0.11846689895470383	0.27665505226480835
p354	0.4283246977547496	0.07944732297063903	0.11053540587219343	0.09326424870466321	0.28842832469775476
p110	0.30461165048543687	0.0825242718446602	0.14684466019417475	0.14927184466019416	0.316747572815534
p335	0.30679327976625276	0.0679327976625274	0.17969320672023376	0.17969320672023376	0.2658875091307524
p1622	0.36142322097378277	0.09550561797752809	0.150749063670412	0.1254681647940075	0.26685393258426965
p126	0.360313315926893	0.07571801566579635	0.13185378590078328	0.10704960835509138	0.32506527415143605
p232	0.363905325443787	0.07396449704142012	0.1755424063116371	0.1351084812623274	0.2514792899408284
p233	0.3613595706618962	0.07513416815742398	0.16815742397137745	0.13059033989266547	0.26475849731663686
p333	0.325	0.10681818181818181	0.15681818181818183	0.1318181818181818	0.27954545454545454
p330	0.325	0.10909090909090909	0.15681818181818183	0.1318181818181818	0.2772727272727273
p1747	0.3969465648854962	0.06361323155216285	0.13994910941475827	0.1272264631043257	0.272264631043257
p240	0.4282655246252677	0.10706638115631692	0.09850107066381156	0.10920770877944326	0.2569593147751606
p242	0.40670859538784065	0.12159329140461216	0.12578616352201258	0.07127882599580712	0.2746331236897275
p437	0.370739817123857	0.08146300914380715	0.1255195344970906	0.10640066500415628	0.31587697423108896
p325	0.38995215311004783	0.11722488038277512	0.11483253588516747	0.05741626794258373	0.32057416267942584
p49	0.39184952978056425	0.07523510971786834	0.15047021943573669	0.12852664576802508	0.25391849529780564
p800	0.3728813559322034	0.061016949152542375	0.1288135593220339	0.15932203389830507	0.27796610169491526
p802	0.36341463414634145	0.08292682926829269	0.14390243902439023	0.14146341463414633	0.2682926829268293
p395	0.3762254901960784	0.05514705882352941	0.1213235294117647	0.1213235294117647	0.32598039215686275
p995	0.4046242774566474	0.08670520231213873	0.15028901734104047	0.10982658959537572	0.24855491329479767
p997	0.3709677419354839	0.08870967741935484	0.16129032258064516	0.11827956989247312	0.260752688172043
p195	0.3495575221238938	0.06371681415929203	0.1504424778761062	0.1168141592920354	0.31946902654867254
p441	0.3304647160068847	0.06712564543889846	0.16609294320137694	0.13855421686746988	0.2977624784853701
p11	0.3466666666666667	0.06	0.13333333333333333	0.06666666666666667	0.3933333333333333
p115	0.3925925925925926	0.07592592592592592	0.11975308641975309	0.09938271604938272	0.31234567901234567
p65	0.3925925925925926	0.07530864197530865	0.11975308641975309	0.09938271604938272	0.31296296296296294
p237	0.37630662020905925	0.07735191637630662	0.15191637630662022	0.11916376306620209	0.27526132404181186
p569	0.288	0.12	0.128	0.112	0.352
p443	0.3864734299516908	0.09903381642512077	0.1473429951690821	0.13043478260869565	0.23671497584541062
p446	0.3864734299516908	0.09903381642512077	0.14492753623188406	0.13043478260869565	0.2391304347826087
p439	0.3091317365269461	0.0658682634730539	0.18413173652694612	0.1377245508982036	0.3031437125748503
p199	0.3548387096774194	0.10967741935483871	0.16451612903225807	0.13225806451612904	0.23870967741935484
p203	0.3715277777777778	0.09722222222222222	0.1736111111111111	0.1111111111111111	0.2465277777777778
p204	0.3806228373702422	0.09688581314878893	0.17301038062283736	0.11072664359861592	0.23875432525951557
p210	0.27411167512690354	0.1065989847715736	0.16751269035532995	0.09137055837563451	0.3604060913705584
p217	0.27340823970037453	0.11610486891385768	0.1760299625468165	0.09363295880149813	0.3408239700374532
p218	0.27715355805243447	0.11235955056179775	0.1760299625468165	0.09363295880149813	0.3408239700374532
p219	0.3684210526315789	0.0861244019138756	0.16267942583732056	0.10047846889952153	0.2822966507177033
p192	0.36627906976744184	0.09593023255813954	0.13953488372093023	0.12209302325581395	0.2761627906976744
p571	0.3203125	0.1015625	0.1875	0.1640625	0.2265625
p252	0.3446153846153846	0.10461538461538461	0.16	0.1476923076923077	0.24307692307692308
